DataConverter.Test/data/Surfaces/SurferBinary/B-h-10feb.txt
DSAA
49 100
581944.75 592694.6875
5996818.5 6019131
-782.12750386414 -488.33170620845
[rows 80 to 99 of 100, columns 0 to 45 of 49]
-546.08430511994 -539.37237593379 -539.86310155341 -539.25250672759 -540.51864875272 -541.59895262729 -542.69958555199 -543.36562770719 -544.29794627741 -545.01569788552 -545.59364557322 -546.12635671856 -546.59475538553 -547.08632627416 -548.16539154633 -549.225575391 -550.01571135901 -550.15839126875 -550.34227820863 -549.53117358107 -547.67311175342 -545.4022240207 -543.10182481662 -541.33890403691 -540.96888148029 -541.30038175946 -541.86051422089 -541.40675671097 -537.70994815519 -534.16750827336 -530.75165548871 -526.52473262338 -524.67933590924 -524.93932430779 -525.40878531221 -526.80042137869 -530.91098754498 -536.0465967742 -542.12962936421 -549.56602377304 -557.63013543863 -576.20106653043 -597.44114885632 -619.33412216002 -629.95132061049 -643.39867430184
-545.99382995553 -539.49067600026 -539.99104557865 -539.41782255945 -540.18441766145 -541.18421636812 -542.20450377318 -542.77661380893 -543.59388924384 -544.19971492375 -544.65486099579 -545.03531797017 -545.20701906838 -545.10687789086 -546.46856479885 -547.33342601992 -547.46967758162 -547.84251656681 -548.68072519839 -548.22214330191 -546.76834563116 -544.74149615457 -542.48437968396 -540.90910005781 -540.99133850645 -541.03049264828 -541.72760452514 -541.02466501339 -536.13411245521 -533.33799913481 -531.58881124533 -528.76919684608 -526.31960576274 -525.09243104205 -525.14375632391 -528.00813703152 -531.36915680359 -537.58872067427 -544.35522054703 -552.14071456061 -560.25844615542 -574.99287548987 -602.36532302336 -621.54878711319 -632.50507774261 -646.65188236546
-545.76082942911 -539.65458283845 -540.11289883067 -539.62040420924 -540.74958565695 -541.68651183229 -542.62926405063 -543.213592657 -543.88382254388 -544.3576289162 -544.26638409631 -544.39730306069 -543.61805312196 -543.7591420957 -545.27224500765 -545.47176195222 -546.10612194968 -546.90886134941 -548.66055025499 -548.58385145969 -546.96063363698 -545.22579647341 -543.16378243455 -541.3716665398 -540.99943462669 -541.00055414398 -541.25864992644 -540.3726966161 -535.6419087687 -533.25705780101 -532.28666917477 -530.49539194166 -526.96890503324 -524.54226430199 -527.76474365618 -531.92241717713 -534.30314949592 -539.81871770035 -546.27492169867 -554.35868816316 -562.15623816085 -578.56190187463 -603.9403047421 -621.65246069937 -632.7810423316 -646.3435557629
-545.80721641353 -540.12806728042 -540.63486082671 -540.12607641439 -541.17423102531 -542.12497954674 -542.92391164204 -543.38792659681 -542.90374403876 -543.43686698386 -543.80381859632 -544.09378665859 -544.25244106221 -544.44427075931 -545.43810713437 -545.70327866379 -547.12064448068 -547.98089897638 -549.56710849567 -549.60756040697 -548.84906356107 -547.44048581155 -545.68157680463 -543.19630776602 -541.03748921564 -540.99132309707 -541.05638773613 -540.44175146522 -536.90173257394 -534.2084119257 -533.19510787367 -533.53755735974 -532.31356542525 -530.92921169519 -532.89143146837 -534.93010973963 -537.09385562657 -543.23005060703 -550.00847778875 -557.51364524661 -563.42975799395 -579.17273836909 -604.65634885928 -622.48509770779 -635.52104458612 -647.75043795583
-545.2805067278 -539.3331570813 -539.8931068607 -539.39255549894 -540.55785204444 -541.51548337068 -542.49324495011 -543.02586444836 -543.74992407381 -544.30324591739 -544.69656465198 -545.01160862731 -545.18285574891 -545.49690119194 -545.63982486123 -546.91316705565 -547.71054384131 -549.14560439124 -550.25987369484 -550.75640440382 -550.45457310758 -549.72381887682 -548.60488879928 -547.34976307298 -545.1195077728 -544.30721530123 -544.46765476127 -542.96560888683 -539.28460536037 -536.10864067921 -533.26659449332 -536.93147103458 -538.13158987356 -537.27486890361 -537.70449293019 -539.22129444858 -541.15028745283 -546.10550106923 -551.97386951011 -559.36899949248 -564.40301165322 -580.28324493933 -607.06302175778 -624.59292468856 -639.02756855983 -649.05866018851
-546.58217975292 -540.71944429337 -541.2729539907 -540.81254586434 -541.94260052421 -542.87678002061 -543.71384140461 -544.09588427984 -544.65671362011 -545.07456745783 -545.40446997012 -545.70386173675 -545.89542040392 -545.93051375543 -546.04716353334 -547.54596302377 -548.81269809999 -550.45981415926 -551.9462959463 -552.41802827863 -552.44229264449 -551.9703553734 -551.26070095088 -550.09514509931 -547.88971146413 -547.070070922 -547.78909792036 -546.21356769047 -542.25258453425 -540.80552045096 -540.48806994314 -541.55674929243 -540.92726996364 -540.76310802194 -541.10211207001 -543.78504403712 -546.59172666891 -548.18495877505 -551.56174153188 -557.67852077169 -568.01066487769 -583.97153037658 -611.45342929209 -627.58962943829 -639.98485898175 -648.83983262351
-547.2779918468 -541.50002947143 -542.0622950399 -541.63728094803 -542.75362737222 -543.67967011835 -544.59753533783 -545.0956570689 -545.75262695835 -546.26728679244 -546.667377552 -547.03852106593 -547.5333854257 -547.75325527459 -548.03621439734 -548.58887170084 -550.14864124411 -552.23582818577 -553.75513826918 -554.04491862523 -554.04523425744 -553.99165624126 -553.64725965897 -551.68993571306 -548.74582442303 -547.09049623193 -548.23070267511 -548.63650285848 -546.05069253336 -546.38429208764 -546.46066933742 -544.95781056444 -541.81630871182 -541.06332199004 -542.32879303834 -546.4628491063 -550.82013766072 -552.38052968996 -553.31114706671 -556.89930391827 -571.78883400251 -593.60107591498 -616.97621186588 -631.12446067244 -643.00191420878 -651.04603403857
-548.59066589606 -542.74188318635 -543.29529725301 -542.90937819293 -544.03255484758 -544.96210413325 -545.89866764291 -546.43715963128 -547.14984369583 -547.70402555779 -548.13187793439 -548.48190937187 -548.74917083179 -548.91554303107 -549.57368057837 -550.15668526638 -551.65772364895 -553.58776393513 -554.48192521818 -554.79225690551 -554.81910273831 -554.89371727383 -554.19028525707 -552.7544663928 -551.72905848325 -550.8666384203 -551.0461101472 -550.76839125999 -548.79334819127 -548.83091673249 -549.60397498977 -548.44435735689 -546.29575592385 -545.31924497437 -545.34151088742 -549.77041659286 -554.76301102617 -557.60462385436 -559.81667995457 -567.91665381514 -581.17414963026 -608.81915158573 -624.77544259538 -636.55245823973 -647.83333652801 -651.66777225269
-548.7456907327 -543.24082525078 -543.79494629522 -543.47928686416 -544.53196017524 -545.43396117588 -546.32810763723 -546.86176996567 -547.54539510031 -548.08988343518 -548.63358799985 -549.22602716141 -549.9332885233 -550.7169830802 -550.46534856446 -551.81775499828 -553.06092121148 -554.35026813176 -555.61880703631 -556.51759512127 -556.9463795898 -556.72723313008 -554.91888940118 -553.63426037518 -554.32974119938 -553.90733328845 -553.11826849589 -552.56406744491 -551.09669369953 -551.02235778421 -551.88735575462 -551.4360026283 -550.3623071116 -550.16550495597 -551.21549604682 -554.38695890016 -558.50374730397 -561.96746093534 -564.49028671456 -572.92437545785 -594.3601403218 -620.14383322206 -632.14596148094 -642.49024481864 -647.81798888065 -649.68739792048
-549.4152058261 -544.26833211047 -544.82165543621 -544.57595749477 -545.57456786741 -546.49459586396 -547.34050209535 -547.83343374453 -548.41943748121 -549.52503363432 -549.93801858067 -549.97786706722 -550.38989695892 -550.74396512718 -550.68256146512 -552.37908404725 -554.15362446891 -555.27713878689 -556.95478729812 -558.17215076813 -558.62324923504 -558.22828957505 -556.9759922575 -556.50681298566 -556.99822477334 -556.52633571241 -555.84286441918 -555.42530069525 -554.36146597573 -554.20873217086 -554.62621348029 -553.77086243617 -552.50132450999 -552.93267880484 -554.94208426938 -557.87003851099 -560.68875142649 -563.70314572563 -567.00586595782 -579.63327814042 -606.55026957798 -626.39202828223 -637.20272457968 -644.81507326516 -645.8540761965 -647.56618310233
-549.75308056706 -544.92229921408 -545.44855549467 -545.31643154196 -546.19252896344 -547.03050461354 -548.29564460692 -548.81448526023 -549.12479696732 -549.66754332492 -550.12889976891 -550.52769350406 -550.59683143213 -550.56204060994 -551.33517438417 -553.22333040015 -554.7584873081 -556.75027724889 -558.53852258804 -558.97961100709 -559.70677365278 -559.68869862794 -559.20675171505 -559.60507955053 -560.18623741773 -559.87183280358 -559.60279062189 -559.52419640621 -558.59687671911 -558.23196983116 -557.99104551237 -556.13370839417 -553.99669489075 -554.75848505085 -556.90083808804 -559.50916877981 -562.07262836421 -563.62880292265 -567.5984199718 -584.5786533963 -612.96080032929 -628.81182186096 -637.82648983314 -641.59601836361 -643.33487399122 -645.02613257873
-551.25838166415 -546.70172401474 -547.61759332058 -547.37994410999 -548.32505204368 -548.76564457723 -549.64529281834 -550.09907415114 -550.778921305 -551.29683788956 -551.59126977484 -551.77637795291 -552.07903790331 -552.66623969944 -554.16156027578 -554.9931330072 -555.56856519727 -557.81839031105 -559.13383004749 -560.06899455033 -561.27227625125 -561.56250715657 -561.54269074508 -562.34227400851 -563.15393027336 -563.45907423387 -563.51402561782 -563.5720329196 -562.7512526362 -562.15336081904 -561.38306844048 -559.20118588786 -556.97624973054 -557.72438343293 -559.45170520569 -561.76259048667 -564.40991215548 -565.29058394282 -570.86791121973 -588.83116887953 -613.87119212151 -628.12540082398 -634.98730311859 -637.5542598862 -639.75849845696 -641.95841447817
-553.28754212138 -548.00687787517 -548.46643687736 -548.26402187021 -549.23080420854 -550.11173363924 -551.03830665131 -551.33539038043 -551.84075870251 -552.39889690456 -553.13435545487 -554.20549071849 -554.76822847427 -555.45344973537 -556.17384574397 -555.79942579413 -556.39873735536 -558.14113325906 -559.52318844834 -560.90664461261 -562.67159824279 -563.73986444778 -564.24707985719 -564.60489739921 -565.10968725357 -566.11053942082 -566.58783607623 -566.52804415389 -565.91189295268 -565.49702834602 -564.56310329358 -562.20257008969 -559.73770379055 -560.36340047281 -562.40533256623 -563.93498728221 -564.27077428084 -566.67219030571 -574.24125256791 -591.74021880068 -614.48147585894 -626.22044218297 -630.93947058195 -633.84113296073 -635.99560858536 -638.22526960699
-554.25864413148 -549.42746419403 -550.05235489937 -549.91137579693 -550.59941200739 -551.22090120366 -552.21403067473 -552.86409853971 -554.14025659433 -554.9046701952 -555.93388958797 -556.65873481246 -557.18669029218 -557.75072409604 -559.04283471124 -559.3439895714 -559.37449551171 -559.45013972187 -560.87803969788 -562.80789096454 -564.02726644614 -565.65445455381 -567.03541031387 -566.69393951615 -566.50527591963 -568.07872350699 -569.2422757591 -568.95932087131 -568.34354529072 -568.35403387944 -567.46359833125 -565.30358276783 -562.75963892982 -562.56519941468 -563.82623822121 -563.84418589871 -561.48936905899 -566.25477976991 -576.00098512965 -590.59879048118 -606.10585000508 -617.04209462154 -623.35074665135 -626.85656878057 -629.36364758716 -631.67226743782
-554.16041145747 -554.06049388623 -549.61330696369 -549.59942026691 -550.68733498896 -552.12539633515 -553.09982100523 -554.12333632447 -555.0401015851 -555.85698106221 -556.45354041867 -557.35192233704 -558.30528151935 -558.48501042941 -559.29097541375 -559.82793114135 -559.36047593545 -561.31126295429 -563.22206555365 -564.24220627031 -565.57089611468 -567.18888684105 -568.30918260912 -568.21604230907 -568.16323480871 -569.56282622766 -571.33648657166 -570.85294343999 -569.74221912393 -570.03348125482 -569.5929890251 -568.17969850603 -566.08633028095 -564.69569411394 -564.75125745014 -564.14574535148 -563.6245782755 -568.29105017586 -575.46119355903 -586.37393805105 -587.68428731408 -597.30544280793 -607.82472024207 -613.047422219 -616.86456856801 -619.9455118304
-555.35959671018 -556.23934373906 -551.53588184977 -551.37004631353 -553.05576505028 -553.95397330822 -554.9557005724 -555.45626283035 -556.19562558168 -557.21386141905 -558.27605192472 -558.81684360871 -559.28621999533 -558.33204875232 -557.9784643989 -555.52683807249 -561.95398878478 -563.93000816341 -564.78797030758 -566.01300473541 -567.3048879401 -568.51272538701 -569.5556982061 -570.37662049412 -570.85812038982 -570.52438122967 -571.61131200369 -571.96255369623 -570.8076517742 -571.08995767743 -571.67546668411 -570.75181157085 -569.06237568531 -567.77126000002 -567.46871209013 -567.3075782361 -567.90857695767 -570.43657140663 -573.74682010104 -586.31138768315 -586.00800836532 -589.48148645482 -596.17801655124 -599.46133924753 -608.71003531871 -614.22715256659
-559.04592763977 -559.25966881385 -554.60171093625 -554.56994654642 -555.58414661767 -556.51102058393 -557.68454548804 -558.16748167109 -559.18354392443 -560.01240883623 -560.60363823443 -560.35464897781 -560.97866757545 -558.84177142542 -560.43010799964 -562.58910326226 -564.99090188527 -566.22957826736 -567.14323790321 -568.19411110647 -568.69165490007 -570.10264257169 -571.61722184843 -573.02224399578 -573.25512262209 -571.1953501014 -571.56391263872 -573.85870070181 -573.44120614262 -571.26387995134 -571.38206042766 -571.95579467171 -570.96168676297 -569.62247085328 -568.90410972633 -568.37086848818 -568.33127321249 -570.59221025757 -576.06574660588 -585.23648113683 -585.99969579242 -589.2259591757 -594.00900858933 -597.03025551866 -598.85911135255 -602.33420865044
-560.75961780786 -560.83533314359 -556.30120824946 -556.27321054806 -557.25409698349 -558.37934372203 -559.53936453922 -560.12058320979 -560.46795285807 -561.29584475428 -561.80200727994 -560.03195583224 -561.01929391888 -562.66589233392 -565.00333282781 -566.04641681476 -568.53079340173 -568.53886045003 -568.46344529648 -568.55086465199 -570.06536275736 -571.82896823547 -573.03314329906 -573.97865369891 -574.19124280586 -572.96084198783 -575.73415520357 -578.9454357026 -578.32615515702 -574.91956115291 -572.26418459906 -573.8299166437 -573.26960060509 -571.62850047542 -570.54786179106 -569.91765246662 -570.53530083542 -572.69576744941 -577.87341797366 -585.2363382672 -586.02728479208 -589.07852257985 -593.90205557081 -596.57517304308 -598.62379433536 -601.47227106497
-561.17339005817 -561.18248740133 -556.89322091898 -557.12974760703 -558.33790117484 -559.24222751482 -559.74554224973 -560.66405973668 -561.27382710692 -559.71780324766 -560.81656300299 -563.08125523726 -565.48000986426 -565.31521025781 -566.38382463578 -567.07406112722 -568.54493650833 -568.53305089013 -568.43374571844 -569.93912290206 -572.26713017521 -573.03655545883 -573.1959784674 -575.49785520242 -576.21414091529 -576.34028263551 -579.13913152106 -579.73608696985 -579.68138694974 -578.94257098578 -577.05820923391 -576.4290172726 -575.14108423019 -573.57518783442 -572.78952921818 -572.68605625513 -573.18086284513 -575.38848292105 -579.80143637427 -586.90998480885 -588.3172648914 -591.1962725181 -595.02971042328 -597.97260482692 -599.9593560141 -602.96634764304
-558.75537924988 -559.78423600336 -553.94587655449 -552.32146413581 -555.73450006053 -556.70030673834 -557.88406474846 -557.33611207644 -560.71075233075 -561.81922004639 -563.17013646596 -565.65139941396 -566.02984201351 -565.83648576389 -566.72054967093 -566.99139090473 -568.73461918326 -568.89525139849 -569.60633043709 -571.29747030359 -572.6983488972 -573.31044883357 -573.72342547309 -575.62950941159 -576.89209246163 -578.05921385603 -579.63292258245 -579.9638473265 -579.92612855807 -579.28397829681 -578.13548712182 -576.83684699926 -575.52680847495 -573.77836363571 -573.35271563006 -573.62553553072 -574.49922748239 -577.32223999097 -583.20252090943 -595.50384812533 -594.75487068432 -595.80262048467 -598.96380537751 -600.67796065597 -601.48113983933 -604.15507713285
