DataConverter.Test/data/Surfaces/SurferBinary/B-h-10feb.txt
DSAA
49 100
581944.75 592694.6875
5996818.5 6019131
-782.12750386414 -488.33170620845
[rows 60 to 79 of 100, columns 0 to 45 of 49]
-524.68209268228 -522.85287264044 -523.44713049838 -523.3023830364 -524.55574546668 -525.96840822981 -527.4777140271 -528.43513027876 -529.97537891122 -531.16935274159 -532.22580361059 -534.03570782442 -535.40827622492 -533.60021165848 -534.67729624016 -537.61970252509 -539.67274669795 -539.60349200705 -540.78621400275 -538.03470612224 -530.55592552108 -525.98121601477 -526.72918400994 -523.95229323655 -518.75947976667 -513.66724292119 -509.90704167958 -506.28941897912 -503.50298428366 -504.56079658838 -506.27213187701 -509.04884827636 -510.81984262411 -510.7746171959 -510.82185331691 -511.69734291506 -513.51181458471 -516.77639816389 -517.37953191603 -521.19273868958 -530.28567008309 -538.69804358575 -575.52846134392 -588.97534493438 -599.91314189483 -607.94487844249
-525.42932667865 -523.85857129496 -524.48811125484 -524.59629301614 -525.80062051713 -527.35319895052 -528.54373000751 -529.48165046972 -531.06133637912 -532.13726511957 -532.84103764678 -534.01003156247 -536.00830784197 -535.75768401109 -536.46759452502 -538.44552298688 -539.72302167466 -540.21061157879 -541.99664047865 -538.85701274287 -532.97601353915 -527.99289930895 -527.01279949136 -522.9295591904 -516.65839092206 -512.95887233064 -511.37393566409 -507.78110123009 -504.6520023125 -507.47240579298 -512.06894256645 -514.86120254454 -515.16736700277 -514.68967381606 -513.53220827358 -510.4392896183 -509.46587140593 -512.36236127435 -514.72447775092 -519.13250175596 -527.97583480964 -538.02875234457 -572.7557723895 -585.71031894015 -599.36409657007 -608.49598510878
-526.2967236714 -524.95318178277 -525.69912200882 -525.79221403236 -527.1148220477 -528.38686144794 -529.65029053259 -530.53823038387 -531.72643257259 -532.63854547188 -533.26007697669 -534.22304860435 -535.72136831291 -537.29350545702 -538.47700940613 -539.44567925738 -540.30038052278 -542.04523607145 -539.35237028758 -538.1056171259 -536.08110416855 -533.02146861979 -529.42668911526 -523.5833401643 -516.69040149367 -513.31176983479 -511.46081503676 -508.22922278292 -508.86729445113 -511.95429763249 -515.5594143294 -517.62430662034 -518.04702901157 -516.8850891499 -515.10585671143 -512.75008987997 -510.98236624693 -510.94451233537 -512.35497399841 -516.616322552 -525.29092189 -536.4564067212 -568.74174556935 -580.39286253768 -593.19245273915 -603.63628783103
-527.41469629012 -526.42658110554 -527.86816496081 -527.06836086404 -528.40121019511 -529.47554557624 -530.28954738215 -531.15346600883 -532.64392342894 -533.61295932342 -534.57440809944 -535.97448616379 -536.41564444789 -537.74649522637 -539.5854797475 -540.47816962254 -540.94498432711 -539.90224365007 -537.02478346809 -536.07775702584 -536.86261557802 -535.56926940384 -532.02697278823 -525.8347607485 -519.59352848615 -516.81534341704 -515.15833285718 -512.31864266723 -514.76751049467 -516.5183642972 -517.94952432853 -517.9387908032 -517.79874328481 -517.20927740819 -515.48452710017 -514.9278090968 -513.62277483266 -511.31928617663 -510.61928387613 -513.45112784814 -522.44382273801 -533.87108537044 -563.67631893087 -579.07056276402 -588.91239299261 -601.8582917044
-528.12554643169 -527.93243126009 -528.4245261453 -527.61847663856 -528.92997212977 -529.70303452065 -531.0004594165 -531.84213019928 -533.19675884161 -534.20999089028 -535.34450923545 -536.41771127328 -536.28256148628 -536.72718138809 -538.85123945787 -540.00197794355 -539.40244996099 -537.43111548764 -534.4553820856 -534.49742679107 -537.10405148456 -537.39847586348 -534.61665190856 -529.14545418861 -522.43476958311 -518.64215710549 -519.05609848089 -519.95657338931 -521.59614134575 -520.89165503705 -520.02595760361 -517.99349084503 -517.97459836811 -517.07637261868 -515.9265103566 -516.3203750865 -515.04659946694 -512.18997568055 -511.90090366767 -513.2553396651 -520.67494995801 -531.57786504057 -538.80483894486 -574.20996896459 -588.27490180825 -601.39683756407
-531.51758013901 -528.34587031892 -528.74439783876 -527.33816213378 -528.69626028841 -529.97557892919 -531.14495248082 -531.81776049744 -533.049235913 -534.22746865194 -534.7658374512 -535.2442447558 -534.69795781265 -535.11629896721 -537.82121994229 -539.39337657546 -538.02723831657 -536.25432406042 -535.22343951229 -536.59740996114 -539.17647052542 -539.19523684298 -536.89697105584 -532.31304581735 -524.70778288942 -520.43511815995 -521.93204202649 -524.22493780957 -524.22871795847 -521.96140216168 -519.74439036321 -517.26589574999 -516.74702209669 -516.95490638971 -517.52614902265 -518.57978530006 -516.5886487822 -513.09705852562 -512.54048776026 -513.52980780494 -519.51581827615 -529.24566897859 -537.38168823055 -570.69052754312 -587.10301314284 -599.06013897879
-532.68326873713 -529.2747817079 -529.52502575952 -528.52828947959 -529.79090663007 -530.99706434592 -532.08263065954 -532.67203861955 -533.8402319672 -533.7087477917 -534.47813622518 -535.00853406373 -534.66056490838 -535.54616922156 -538.07693288169 -539.5120091528 -538.91367117343 -539.04408536988 -539.42835702399 -540.56179131755 -541.69675668423 -540.84104327892 -538.98158261 -536.09294443086 -530.62399102435 -526.899229975 -527.24504459986 -527.16708926333 -525.54721353445 -522.53371457901 -519.69862473581 -517.25614777772 -516.31784872342 -516.96888910645 -518.22132451818 -519.26948747736 -515.90205301965 -513.18168729364 -512.3239606263 -511.83967992889 -517.48798229956 -526.31751380004 -560.21621650223 -566.37592631655 -584.95438875385 -599.15955430826
-534.45799500042 -530.01793654885 -530.29109100836 -529.43852938619 -530.62523583605 -531.7980263265 -532.82232880176 -532.26077484465 -533.66006517708 -534.60760774625 -535.31951469329 -535.84557376736 -535.83730443405 -536.79803930964 -539.34960698548 -541.3778681245 -541.54208419757 -542.11169028282 -542.38428925884 -542.68338534543 -542.79188897935 -541.81956194261 -540.38765566054 -539.03459935481 -536.20138042166 -533.11746683065 -531.59912806481 -529.41793458841 -526.8854027521 -523.31502974317 -519.87004078923 -518.60960578916 -517.75211286916 -518.11092806644 -518.64047082308 -520.10711133281 -516.16786031888 -514.15801958926 -514.00382927031 -511.33405250757 -516.04464813622 -525.32493870623 -559.05129585817 -571.84222486207 -583.89959201985 -598.89675795302
-534.9922259839 -530.86952708767 -531.14064460186 -530.38614668947 -531.54892562735 -531.09443437776 -532.50669203328 -533.21611319515 -534.50892931201 -535.38200056693 -535.9783050839 -536.4634825796 -536.49537931142 -537.24229420641 -539.7390818852 -542.48361901028 -543.26402501052 -543.31152163534 -543.30436060431 -543.37392249716 -542.96512666845 -541.97700415 -540.76540409029 -539.66989887519 -537.93083784341 -535.22573098705 -533.40759957549 -531.0891864078 -528.03112267686 -524.11570361567 -521.78003391191 -520.98171904094 -521.00128336703 -520.36040340872 -519.90120719441 -521.40497558808 -518.11663137915 -515.61832414486 -513.32981722116 -510.18846472176 -516.16232029021 -525.64039352767 -563.73186830508 -578.32417053734 -586.34885929001 -598.50990275485
-536.09245895072 -532.25804189086 -531.00220782564 -529.62733645791 -531.23185688699 -532.55394024402 -533.93810835477 -534.62207144545 -535.83912779544 -536.66021205919 -537.18269357452 -537.6011527936 -537.60637006935 -538.03709525808 -539.92932438996 -542.31970866623 -543.15019801164 -543.22656348393 -543.50289304014 -543.38528454723 -542.49035666154 -541.28609415019 -540.18000390303 -539.27784329444 -538.65257722326 -536.42377037822 -534.11501084232 -531.75173627543 -529.17405369391 -525.96398417184 -524.83651036077 -525.7098850123 -525.88721370145 -523.39540021964 -521.17414904887 -521.29623196039 -519.4610574063 -516.3775681223 -512.07486309473 -511.02576663953 -517.78938984074 -546.72829991735 -583.71400612331 -580.76717633093 -591.14504516606 -598.97799617009
-538.91474969027 -531.63697517509 -532.00117296539 -530.73346121287 -532.29966765484 -533.6040913482 -534.9773840283 -535.71799193306 -536.95991504665 -537.82532575272 -538.45705844681 -539.02511082093 -539.36382788613 -540.14428843832 -541.37242430305 -541.8954285064 -542.29910481555 -542.61989097523 -542.7509666506 -542.58678856813 -541.38206412672 -539.69222622582 -538.97449658611 -538.89771203184 -538.64177625575 -536.70740890824 -534.34809960729 -532.07679427882 -530.43600615234 -528.67673374292 -527.09113313485 -527.0286913954 -527.4500092745 -523.99487651369 -522.27508789739 -522.44173032632 -520.99627576911 -517.52604874471 -513.19111661616 -512.50423948359 -519.27824728374 -531.42630548408 -581.83447829273 -588.5620918792 -588.37542104701 -601.98614987432
-539.97286333307 -532.63220249875 -532.99437890923 -531.81530073562 -533.33588282558 -534.61362651772 -535.92072330601 -536.62639959553 -537.79013727735 -538.58636504519 -539.15043042177 -539.65214478334 -539.84130321657 -540.53522716457 -541.0887862272 -540.42507257199 -540.62449292741 -541.52361374573 -542.15877801565 -541.68519624877 -539.25612661282 -537.25729175233 -537.75739609133 -538.59452407906 -538.44632677926 -536.59181121557 -534.12042478141 -532.17598826347 -530.31211454719 -527.61653568796 -528.96168139778 -529.29512998443 -527.86743279575 -524.05083872939 -524.05913122916 -524.38905021526 -522.17641345925 -518.40192250873 -516.99329548355 -516.85994428334 -521.70318174728 -529.05461491264 -579.98098282106 -588.69107722542 -591.0191761464 -595.49559075785
-540.26124836018 -533.09638350204 -533.49170935162 -532.40534385883 -533.89227923842 -535.14024255621 -536.42585630403 -537.12783187892 -538.2488643422 -539.03599767011 -539.6066697834 -540.09276557497 -540.34953876628 -541.11626964705 -541.88870638048 -541.39818829888 -541.13359008723 -541.39030273583 -541.96282104235 -541.07168575407 -538.15221051246 -536.70242366418 -537.7300728034 -538.64986295884 -538.56428533997 -537.01457956467 -534.65187560786 -531.46745837979 -528.75858795372 -530.40263224432 -533.23973173408 -532.09727609896 -529.05137922717 -526.56239992381 -526.96349533304 -526.42230429611 -522.69187811404 -516.63004386829 -515.15123199007 -517.956813475 -524.39108314677 -531.67246567854 -579.14614507699 -589.4190888719 -594.54845190247 -601.36480317859
-540.33232804224 -533.56117793101 -533.976344355 -533.00460597663 -534.42025648435 -535.61975557831 -536.83342694458 -537.50752822957 -538.55205104437 -539.29432701053 -539.83511085222 -540.2929945513 -540.52634338968 -541.56172391056 -543.0126840755 -542.6026806845 -542.82258605894 -542.29369421323 -542.16155624574 -540.93864758282 -538.74313680316 -537.94641515866 -538.4309001723 -538.87888697642 -538.59109937772 -536.92944780241 -529.56476314451 -526.76504759259 -526.72675992322 -532.66623411805 -536.80126429031 -533.28848040446 -528.58014823295 -526.57358429018 -526.16448726306 -522.89976041449 -520.31613663938 -516.95618058148 -515.64092021842 -518.99852650419 -526.76365791328 -535.1405301 -580.70606475989 -590.73944780269 -598.84012074527 -606.86532837472
-541.53568712156 -534.65511620879 -535.09361235204 -534.13747679781 -535.55800293577 -536.73939829163 -537.84805587217 -538.39355531211 -539.29930126458 -539.91762084913 -540.33941763368 -540.65547338801 -540.63877402754 -541.56833368782 -542.65418024416 -541.58945920127 -543.33877256735 -543.48341256579 -543.09858011623 -541.59366052615 -539.98327536753 -539.38587681471 -539.25640239965 -538.74918081126 -538.0435284026 -536.8215523952 -529.81684342314 -527.06952325496 -529.25025493215 -535.16126379294 -538.27999700776 -533.25850123886 -527.52050258486 -524.15262033972 -521.69130206307 -521.19977898327 -521.47511346816 -521.63059228966 -522.06795900015 -524.15574763284 -530.8494337109 -540.65997797337 -583.08843007541 -592.46698153866 -602.8633414447 -611.54077338738
-543.30413274207 -536.5463790542 -537.00958285012 -536.1274592861 -537.52144447146 -538.6821568359 -539.8480216583 -540.46480715055 -541.4152878364 -542.09387583357 -542.58468968002 -542.98397395046 -543.15804138082 -543.87838287206 -544.52722748016 -543.44362599899 -544.62546854194 -544.77540555783 -544.26410783281 -543.07079864399 -541.8445808174 -541.11962126301 -540.29762015569 -538.87820314995 -537.3162973083 -536.59977305264 -532.22066472153 -529.73382619089 -531.31773662207 -535.8185480385 -539.48117952179 -535.41777808405 -529.22197926989 -525.02948244313 -523.05756588494 -525.57904419406 -526.54820579976 -527.83532535304 -528.71011070305 -531.20642119067 -538.0781368359 -549.7806516176 -584.88301543797 -595.81401348481 -607.18841379836 -614.4192033495
-545.05324019158 -538.007679126 -538.45000925133 -537.63266170163 -539.00789715076 -540.17996556109 -541.42049815987 -542.16264233632 -543.24551023818 -544.05333433186 -544.69900940238 -545.31344298569 -545.83123549863 -546.05460527492 -546.01824611591 -545.73876878716 -545.80137265824 -545.58809968036 -545.06529296449 -544.75780380836 -543.30424681599 -542.68271365355 -541.16438265564 -539.22418650675 -536.66364169046 -534.32973954675 -533.77023273484 -531.7998293115 -531.39135869821 -533.97390790697 -538.58978602211 -535.20017876855 -530.65236403704 -528.00383192566 -529.48598136171 -531.2176986232 -532.28027388903 -533.72816682303 -534.93974706389 -538.40264487277 -545.28147307477 -556.87790569528 -586.14132590872 -600.34816919009 -612.89146252731 -619.37078128428
-546.14373208001 -538.94685427205 -539.37623006292 -538.61083524176 -539.95485838435 -541.11166863822 -542.26925401924 -542.94767753746 -543.94741070956 -544.67427046043 -545.24096227695 -545.76277407277 -546.07980367887 -546.17199566226 -546.21221210189 -547.11970389328 -547.06713275478 -545.76347659823 -545.99929600975 -545.63529344754 -544.13071268318 -542.74568519526 -540.97178751977 -539.18499762056 -537.34155732683 -535.40789809235 -534.41250003155 -534.19199957046 -535.49891824128 -538.21042979189 -536.84027786223 -531.67413234597 -528.17385976116 -526.58614972062 -528.09538919351 -532.5769852373 -532.13706318815 -535.84183731198 -538.28540432156 -543.14197583367 -550.51393365977 -561.49431590415 -587.94132680112 -606.14361359705 -619.6956421747 -626.3116550609
-546.32986216685 -539.32499531782 -539.77764110618 -539.06649008682 -540.38089985384 -541.50636499358 -542.61437441385 -543.25212225861 -544.18654081253 -544.86913185297 -545.39543233722 -545.86655973893 -546.13529810988 -546.43212991788 -547.38827795748 -548.67741362081 -548.60579531975 -547.41121197443 -547.58196262668 -546.78987664429 -545.10423155334 -543.15733631677 -541.08798355745 -539.46859692436 -538.50309615331 -537.8647059019 -537.34573006105 -537.22311237777 -537.61072799247 -537.77620437061 -532.96353269347 -527.89780348247 -525.42442110749 -526.61497124004 -530.71776003121 -531.40447674705 -528.85977717507 -534.33664661437 -539.0047350106 -545.74550754215 -553.68765117889 -563.83260609395 -589.7264735546 -613.18770309068 -625.55955432836 -633.79004946705
-546.54076947544 -539.70820032229 -540.18180922001 -539.52203287401 -540.81027032508 -541.9096811564 -543.01449180557 -543.65637884906 -544.57153335696 -545.24953597875 -545.7740594921 -546.23942788771 -546.53079823523 -546.92405112569 -547.98537929817 -549.11745397641 -549.25297087211 -548.69214822046 -549.08341524355 -548.26977068781 -546.50591704265 -544.48459881896 -542.3576060278 -540.73639747816 -540.1616678698 -540.34562965133 -540.55548972611 -540.60605008966 -538.57433295755 -535.2890192236 -530.7353209908 -525.76225234683 -523.55270503784 -524.99874377126 -525.84482050393 -526.46985169157 -529.17388253687 -534.60201101398 -540.2706703169 -547.43883677283 -555.47130293228 -565.97097316618 -593.07674478408 -617.4576705131 -628.14324778988 -641.02361800322
