DataConverter.Test/data/Surfaces/SurferBinary/B-h-10feb.txt
DSAA
49 100
581944.75 592694.6875
5996818.5 6019131
-782.12750386414 -488.33170620845
[rows 40 to 59 of 100, columns 0 to 45 of 49]
-497.45624950749 -497.10181702793 -495.75816968342 -495.60948202032 -497.97886581648 -502.00961758175 -506.11168848618 -508.02948735767 -511.4264302998 -516.43971264746 -522.12121297552 -527.26768968265 -532.57281841417 -536.00279966268 -532.19450033545 -526.71824559065 -521.13468593605 -518.5540168868 -519.54396592128 -520.96015452834 -520.83228556765 -519.19344497728 -515.61596577714 -511.09500573841 -509.95801057975 -512.05374307822 -515.83428558967 -517.65757284408 -516.27189979692 -511.99778913731 -512 -511.8840610079 -513.96017244671 -523.57337543929 -535.65505805402 -545.84857155958 -554.77923181077 -591.54831799046 -599.54425843699 -611.14250266813 -616.62486860674 -623.02343662995 -633.45835128691 -643.29711656439 -651.50032790141 -654.84353719272
-496.91110625285 -496.61702256288 -495.72070360888 -495.36868188898 -497.58404331295 -500.15756554647 -502.42867626073 -502.85733732361 -505.18848250662 -509.69716877371 -514.49505897881 -519.70479335263 -527.36533423434 -533.93660938519 -531.81172236071 -528.46289681421 -524.00979102191 -522.33504597832 -521.87121695785 -521.26318195678 -519.77853945896 -517.69237382115 -513.3703648095 -507.89628976959 -506.66700280583 -507.52564597294 -510.27481899505 -512.88533114845 -512.45905255431 -512.00132292086 -511.93842319998 -504.42255441218 -501.05406792452 -511.99109899481 -524.29818207725 -534.29522584663 -543.25273596371 -579.13265912145 -585.2613366482 -598.25764954961 -608.97264441863 -617.94708572603 -626.65101984405 -635.15568239469 -643.92518801062 -647.31726009112
-498.05062311657 -498.72293151487 -498.90139300343 -498.4220379634 -496.76491538212 -497.38109809888 -497.99993320557 -497.73818198811 -499.81258991208 -504.93191170171 -510.03718728238 -515.48403234294 -522.82137510516 -529.24042093262 -535.98684486994 -530.01260577972 -527.76300526756 -526.36400286594 -523.97746583491 -521.65820525613 -518.96765349233 -516.34371953058 -511.21345643611 -507.00368354179 -504.81665934742 -503.34547057315 -504.84046437684 -507.42556057005 -511.27138792444 -511.01962757592 -506.16395383351 -499.32085394723 -499.03255825367 -506.0593386357 -515.64201525176 -524.11862415521 -532.57432526158 -542.94967805267 -576.97069266796 -588.23480309391 -601.13122263812 -610.55504962957 -618.70963464015 -630.10502221615 -638.97487659257 -642.62350626916
-499.82913676273 -499.86757053726 -499.6597081493 -498.84253966639 -496.39759224497 -495.14694043652 -496.14929058135 -497.90713788357 -500.84859987332 -504.26168391436 -509.13909924404 -514.36543616258 -519.75899577234 -526.21656542333 -536.10849801935 -532.60694142295 -529.31156080768 -527.16230318703 -523.66830949956 -520.88447212782 -517.70870315209 -513.46661615436 -507.95646650109 -506.438773791 -504.18946350968 -502.11880472079 -501.71672271708 -503.01102593966 -507.61886747169 -501.99176711405 -500.99882510883 -498.99960110721 -498.993857689 -503.04432740262 -508.83094634446 -514.9268658126 -522.3754960996 -533.33938550523 -562.95796429348 -577.47109350011 -591.54370119983 -602.92557119296 -614.17563857882 -626.10044995967 -632.61175637819 -635.35578590028
-503.14731895759 -503.10939099852 -502.98830162456 -500.75480634687 -498.73435981025 -495.97889841727 -496.66843753455 -501.22337308398 -503.5215813082 -505.76675970562 -510.70982381742 -514.93465429042 -519.12284008466 -525.8754416893 -532.32220963604 -536.00696278079 -530.01688299666 -526.62417175465 -522.28786814439 -518.90099767381 -516.11118574123 -510.86571183758 -504.33814673362 -504.08041447539 -504.05422487866 -502.56268060151 -502.3310684404 -502.50880697941 -502.98911308103 -501.95161416992 -500.1921217501 -499.09873883021 -498.99828455089 -499.3009120836 -502.44329544244 -506.22206398688 -512.59557381002 -521.23810078256 -554.53804191522 -564.51668579614 -581.13199526775 -595.54387691792 -607.32696603365 -620.44286760623 -628.42358556881 -633.57083616002
-505.4907356257 -505.55209849838 -505.6305159927 -501.29896568686 -501.62757852529 -499.77072247099 -501.57643827348 -505.87830732153 -507.06063711182 -509.19523411165 -513.21091192971 -516.83828175392 -519.80801264986 -525.71640798752 -530.53328805317 -535.99992739585 -531.02085778284 -527.85664158369 -523.59500491448 -518.83164831419 -515.46990637848 -509.33644840188 -505.03948817398 -505.67691071859 -506.73476532787 -506.35901469019 -505.92089942951 -505.63324823822 -504.69776649885 -502.47363135075 -501.05868335709 -499.32909555572 -497.89596349734 -497.72800488447 -498.16858141159 -500.95450479226 -505.76806671312 -512.63327821416 -525.00420025312 -556.67417924531 -573.48649204665 -591.23323704112 -604.73590703472 -615.61812160634 -624.73538913712 -630.44442871652
-505.63981343192 -505.55580073806 -505.25721050725 -503.45640170651 -504.53618899221 -504.9287326458 -506.80530957185 -508.90854383644 -509.72130518195 -512.09675952755 -515.57722315884 -519.11426966673 -522.33658710299 -526.23200879141 -530.29416585618 -536.00000050119 -531.833129662 -529.73210820472 -525.27455703992 -519.73498374216 -515.88081381786 -511.73584056627 -510.11325756519 -510.04904894656 -509.05786838248 -508.68481050464 -508.91760447911 -508.59517686399 -506.08111980838 -502.72392660111 -502.25171847956 -500.5320361006 -498.41322310121 -497.31194508517 -496.18850763148 -496.89098695804 -499.30136350831 -505.73739118971 -518.79475459164 -550.00662652708 -565.00349212646 -585.65060835085 -601.2681980703 -612.51192565561 -619.61407923112 -624.25144701122
-505.64424123325 -505.40922102542 -506.08762588693 -506.60228175856 -505.83658391494 -507.20947956688 -506.91477455575 -509.8303669437 -512.82034342782 -514.72399995031 -517.4741742135 -519.5127069127 -523.63245762023 -529.0484132014 -533.05005452672 -536.000001 -534.80840218285 -530.250738662 -524.85584953446 -520.29549817113 -517.38405925261 -515.61819088311 -514.60033446692 -512.95462146242 -510.24495147794 -509.67920879196 -510.36754719894 -510.32405966809 -509.28901261472 -506.7801595575 -504.76610381889 -502.51355545178 -500.53028670758 -499.2816966488 -498.70082526944 -499.24566302825 -499.35076550034 -504.13984059642 -512.55394956098 -545.67993641658 -560.14480496895 -580.74151094336 -594.91902625014 -607.75675937445 -613.3020891002 -617.78246267323
-505.67222968021 -505.57843356158 -505.98266025209 -504.12177845398 -502.35011476819 -504.67177575927 -506.38257236811 -510.81475842542 -515.37117924184 -518.0851579299 -519.30791457892 -521.37759501945 -526.81573519862 -531.71702390385 -535.0731771634 -536.00000112654 -535.8722716244 -531.32015838315 -527.12791205616 -522.89827527701 -519.95192093733 -519.29871150967 -518.49510663496 -516.70698028392 -513.52135936537 -510.99471291432 -510.95105481323 -510.87521936154 -510.59502555722 -508.9880319998 -506.82624339783 -505.04499840152 -503.34865489972 -502.09344276748 -503.55721462802 -505.30584308428 -505.71504249443 -508.21124933334 -511.59602871604 -547.5002081143 -558.60163718378 -576.4325365276 -591.98965378624 -602.15968605102 -606.77785482194 -612.10366338997
-504.41211954057 -503.59403150326 -503.19186795646 -501.98977399905 -502.04740086011 -505.37064391674 -509.88493320636 -514.69642729998 -518.12401158884 -520.20795734334 -521.77014507168 -524.67990451848 -530.38888539674 -533.70429078121 -535.92276954782 -536 -536.00106552927 -532.83684879805 -530.77716371351 -527.4891308467 -525.68762239107 -525.47411108842 -523.59974054158 -521.7336490732 -518.77258009897 -514.64931406571 -511.68041695555 -510.8636660142 -510.97650040527 -509.6563770064 -508.25954585138 -507.63575128485 -506.12080910836 -503.5482958073 -507.81362229782 -517.53126605165 -517.44500926557 -515.06866889124 -514.80045153772 -527.17804352637 -557.2152809771 -573.22784433418 -589.74465729619 -599.45053485243 -604.4089286001 -609.02303803949
-503.48739340684 -503.26847444964 -503.91413398633 -504.02259165842 -505.7979146429 -509.54044398921 -513.47306444362 -516.96431744066 -518.7015996249 -520.65823433542 -523.51255305662 -526.6234544132 -532.05054562934 -535.40193561603 -535.99916447741 -535.99999948389 -535.99947428882 -533.48056450942 -532.89141959409 -532.84528103898 -531.28931394111 -530.77913403703 -527.60162707899 -523.48553199753 -520.27542924114 -515.99620830756 -512.57003459631 -511.43965300675 -511.40226152174 -511.08908510306 -506.98253632254 -507.54669659869 -507.22662011303 -505.43718404347 -511.51185943951 -524.66807519183 -521.67700303458 -515.92864930847 -515.19022007618 -523.88055748578 -556.44011075071 -570.58552210517 -585.46839319006 -596.88580063227 -602.56492305452 -605.24808819143
-505.23270767103 -505.61675567532 -507.0308493254 -507.11080142349 -509.10464333901 -513.23722310477 -516.04096361901 -519.71684686643 -522.51075860043 -524.7517838532 -527.81136335163 -529.78930176151 -533.61071856066 -536.81362609266 -538.07170045457 -538.56354116684 -538.38153447417 -534.2290719343 -532.96059344661 -532.94318181149 -532.3212657007 -530.68564730872 -525.85561118884 -520.90696592273 -517.57163034225 -514.73578404022 -512.58116159531 -511.34789599543 -510.84382034911 -510.22113672607 -505.9963564062 -506.18103821207 -504.86057861016 -504.12194794061 -509.16632832259 -515.57294136865 -513.51733525922 -511.56766082575 -514.74141075482 -521.41957124006 -554.75460888758 -567.56543388072 -580.84379415459 -592.15083107233 -598.05238308761 -602.39266196418
-508.20758095865 -508.4623466303 -509.6554479647 -510.10217875862 -512.15943839608 -514.3439530998 -516.48654171142 -521.55352362993 -524.5931686206 -525.84786278104 -530.80550691909 -534.02438406162 -536.31033781473 -537.87458309272 -537.3292583398 -538.5839551977 -538.83797338256 -533.65579335117 -529.13570878119 -527.45573172696 -528.04853761904 -525.81480253233 -520.06160028562 -515.69140771903 -513.6733372011 -512.55158534223 -511.86166511727 -511.22229534361 -509.16456438902 -508.2435289209 -505.48531057004 -502.14930924333 -498.03379475188 -500.52068012504 -503.87239265608 -507.85705135371 -507.73109573849 -507.9349334439 -512.31981081107 -520.96992273027 -553.78975004315 -564.93780657463 -578.77929095054 -589.60342185802 -595.46935553011 -602.07647138674
-510.69820170471 -510.76887427153 -511.97427754245 -512.55455000633 -513.64156734351 -514.51366540184 -516.88286622513 -521.74566799037 -525.2504015482 -528.08455793971 -533.10239343672 -535.91643896941 -538.26524046933 -538.45350094391 -536.90263529478 -537.3921198871 -538.11422664844 -534.04029782267 -528.34514310379 -526.20070363775 -525.41056979638 -520.38902771493 -513.71170333579 -511.42338467703 -510.7361095485 -510.75956102542 -510.77767046692 -508.93284690649 -509.0121304585 -506.93552032465 -504.93330490034 -503.57185439569 -501.05815540354 -499.00750655604 -501.52777978679 -504.06252299806 -503.72853803702 -503.48970540433 -508.56797891761 -518.69374332193 -552.18611164402 -561.64647130283 -576.71545657341 -588.78496509177 -595.18803619257 -599.97031045769
-513.17017247382 -513.5365666553 -514.73979743753 -514.71483823891 -515.88607605718 -517.65361353209 -519.50389060687 -522.57320186488 -526.09654844992 -529.57190264749 -533.94518145836 -536.82621400558 -539.16382847794 -539.08719999507 -538.09514840126 -538.20166516512 -538.54278838482 -535.77766913313 -531.14027924222 -528.14797899101 -525.29426468344 -518.81994139387 -513.67464903444 -511.13810879112 -509.9665053414 -509.32173924508 -509.09796552768 -508.2797145797 -507.092224268 -505.64473781728 -503.95661388368 -504.06406955254 -504.55545116806 -500.77431851568 -502.08159783289 -503.45971570946 -501.86807096505 -501.81093985048 -506.88874362676 -516.43997084037 -522.74556657351 -556.8022366884 -574.17351428937 -587.51119506452 -593.93790801093 -600.70399541707
-515.10056856611 -515.67024568855 -516.56446572066 -516.36823627924 -517.84852513244 -519.23360893796 -520.26349355756 -521.88319837758 -524.71291107696 -529.99271960719 -534.88873648449 -537.41781051216 -539.40436775993 -539.42536968915 -539.26315297788 -539.0453465193 -538.51397063211 -536.34129779537 -532.95890711185 -529.54187874779 -525.29450128058 -521.44721468502 -518.33162878501 -513.97471443998 -509.80981170502 -508.72864180832 -507.54222392682 -505.5785981619 -505.03236481219 -504.39328984396 -502.80462616433 -502.17375016734 -503.15833404664 -502.64944549024 -504.15129166624 -505.45313779827 -502.64918142423 -501.06333752586 -506.25414126696 -514.20309128716 -521.06441461566 -552.91409812665 -572.53780076861 -586.74976761051 -594.99036328809 -599.97229687133
-518.49033541483 -517.5320262133 -518.32077846386 -517.86055740852 -518.93828078586 -520.20623663661 -521.14974233176 -522.43594817592 -525.68333353742 -531.08025761788 -533.6734648223 -535.21380395157 -537.3822157813 -538.19033019519 -538.47971756579 -538.29402546707 -537.58578978213 -535.70585101534 -532.61627052042 -528.78049654277 -525.96491384375 -524.8822201678 -522.71307264356 -518.28828811514 -512.96785089054 -508.85088406667 -506.24472243821 -502.89061136302 -502.90935241985 -503.87839131721 -502.85429111101 -502.37654883872 -503.45711681843 -505.01625937505 -506.85310019613 -508.46369306273 -505.87479432332 -503.50414680847 -506.16611740233 -511.00338364415 -517.65386751697 -551.28711693766 -570.58034505804 -585.78093815404 -595.58139659214 -600.91176299338
-520.62891259881 -519.22988395134 -519.59388176771 -518.89853777302 -520.06206912384 -521.21573697826 -522.45855120854 -524.23097427632 -527.32627130795 -530.17954326288 -531.58428300975 -532.02747881796 -534.09902092351 -536.00782639131 -537.13374074612 -537.79121994566 -537.41086018565 -535.78403365089 -532.84517212476 -529.83875218199 -528.63733048839 -527.71253242829 -525.67582548573 -521.99133803885 -515.94597639506 -508.94976009006 -505.71485612317 -502.61933353343 -502.23308718781 -504.61606535693 -503.36242139219 -502.87390012471 -504.30317814251 -505.42085598493 -507.91966886594 -510.82487508427 -510.41106587561 -509.9439188125 -510.65804811133 -513.13123839166 -518.67831087351 -550.11968235618 -569.86667812883 -586.04375400026 -597.03666809631 -602.59026382073
-522.07986489025 -520.13701678089 -520.60043966703 -520.16632563385 -521.45314629598 -522.82373920356 -524.14124552232 -525.92768172382 -527.71466906039 -529.07078829575 -531.83763342468 -531.5053404505 -531.5821289214 -534.37324568784 -536.21113632966 -537.52920940831 -537.79864263446 -537.21169277431 -535.75313256304 -534.03805976217 -532.36297475045 -530.25214956812 -527.32829435643 -522.70758363764 -514.17542989818 -507.81496634423 -506.4384845267 -504.45139753213 -504.22258649281 -506.13097384279 -504.70997123799 -504.89245908617 -506.23977120839 -505.61140773212 -507.44512936557 -511.87492130922 -514.27376654932 -515.70707549004 -515.37633995446 -516.46852926674 -521.9746226021 -550.71412395195 -572.11893713615 -587.89017327532 -598.78824041284 -605.25678231821
-523.75541832102 -521.7456477964 -522.32019146091 -521.95084389325 -523.11016621024 -524.44850289317 -525.79964976385 -526.97927224194 -528.38164591269 -529.79935874821 -532.21764749956 -532.78585756969 -532.57186698958 -533.77032234519 -535.51009982233 -536.97343524288 -538.57351069994 -539.19603811374 -539.51467007681 -537.31407036455 -533.05120149856 -529.17165032215 -526.63349949904 -523.08887859663 -516.0536835906 -509.52389544318 -507.57625622415 -506.60661076464 -506.27284868781 -506.05789664883 -505.22246839874 -507.06246063277 -508.78236964398 -507.61548956855 -508.42382334274 -512.04033740439 -514.97355570334 -517.41028300933 -516.96869894944 -519.34357943414 -527.77861585762 -555.77025491996 -575.34569748747 -589.3574085699 -599.79626285723 -606.60638157958
