DataConverter.Test/data/Surfaces/SurferBinary/B-h-10feb.txt
DSAA
49 100
581944.75 592694.6875
5996818.5 6019131
-782.12750386414 -488.33170620845
[rows 20 to 39 of 100, columns 0 to 45 of 49]
-540.6807068632 -538.77331283603 -539.82227056499 -542.5074620253 -544.8982135233 -541.62715588436 -539.16572897989 -536.01675856877 -534.48855925636 -533.87329838825 -533.00623898773 -531.7019495952 -529.94499325935 -528.35457107038 -527.46164835118 -527.18387572631 -527.44146543088 -527.26875592857 -529.37205524908 -534.73227645677 -537.77506790456 -534.12682000454 -534.10519783244 -534.21952739374 -535.53271281843 -541.24107473612 -550.8413210852 -564.31790603234 -578.50411471562 -604.67209920221 -633.60857862208 -656.25455682697 -677.78952752979 -696.41554010659 -710.98964107635 -725.22118989186 -737.52386877955 -744.27062881846 -750.11096750076 -752.47703944447 -755.84376082053 -757.22029677409 -758.13045555523 -755.83583184349 -753.10614023142 -751.9095008707
-544.13159315838 -544.4196974762 -545.6216067981 -545.92984670477 -544.87588154582 -543.02609531356 -541.13206560482 -539.0728479859 -537.44240465939 -535.24516708846 -533.40384852069 -532.81560532334 -530.54865626172 -527.78063778438 -526.87506930894 -526.95939751163 -527.47252245519 -528.58384858417 -531.68204296639 -537.77429548023 -536.90171737177 -532.0004155694 -528.85123479676 -527.55917692962 -527.92390912589 -531.6266709252 -539.43189244732 -554.05040476342 -571.10194457787 -595.89657111692 -628.37398891983 -652.81515448317 -677.65665990477 -698.98074808222 -715.61006775835 -730.52082530349 -741.81711346247 -747.39202911626 -752.91476615494 -756.83936924372 -760.9048744821 -762.74661219465 -763.48151850952 -760.94826811842 -757.38070474752 -755.73089981839
-548.23973320042 -549.01832393533 -550.16024227674 -548.03141048071 -544.51119038438 -542.69135874519 -541.8573822198 -541.72535105454 -539.63703198001 -535.76249985483 -534.30116596802 -534.13774303784 -531.81038368047 -529.7051818736 -529.46514526151 -529.91401497609 -530.80043799924 -533.26370360505 -537.26253229886 -538 -532 -526.53094069725 -523.6588970415 -521.79898175512 -520.84423145511 -524.40382674257 -531.57307745231 -543.28385579829 -561.01236889055 -587.42587188096 -626.21558471959 -652.78424590434 -678.79061655778 -702.52230329671 -721.88678831677 -735.88166896933 -746.39302046705 -754.46355488821 -759.94124655146 -763.98174055325 -767.56396056052 -768.90610518623 -769.1409251797 -766.42399866081 -764.51348099732 -761.65384351115
-550.68398217473 -551.23777374195 -551.75232694156 -548.44960454259 -544.70188799697 -542.73989685104 -542.20569684809 -543.07879920867 -541.49657881839 -539.10093314205 -538.38196243344 -537.05954788308 -535.5258281768 -535.06464647194 -535.53708549287 -536.42488098369 -537.99209849242 -538.00190546859 -532.17419515035 -532 -529.07507483292 -521.70971767944 -518.92207373806 -517.21362057206 -515.0482578383 -517.54419854771 -525.11018298332 -535.4376042822 -553.09928325059 -582.86430305406 -623.39572074859 -652.40197515751 -680.00139551669 -705.88115451583 -726.90318533068 -740.73989606976 -750.93153708288 -762.69160482564 -768.33682884977 -771.34141225336 -774.20398157306 -775.20777509957 -776.01467578209 -772.69929179177 -767.8921070256 -765.40255952386
-551.43962491194 -551.37854011023 -551.47629194507 -548.80626911816 -545.89580750282 -544.06211170476 -542.18664035392 -542.3182352201 -542.47023443923 -542.90904177716 -542.73624588466 -540.5510707726 -539.56053502765 -537.97162843504 -538.08837002308 -532.57651217361 -532.50417704281 -532.02573305091 -532 -531.99890546564 -526.0371151378 -520.42162089545 -515.63500627986 -512.06780770086 -506.68310383167 -505.94928575339 -512.57286443341 -525.96924219219 -545.24522457721 -566.72770848537 -622.23932325034 -651.71710879786 -681.89518519402 -709.08593493448 -732.82317163702 -749.59495069483 -759.99821387841 -768.52896967787 -774.75921668862 -776.82821969072 -779.19582941286 -779.78434055114 -778.8472066013 -775.31970336455 -770.25894387176 -766.91029621421
-551.18053214944 -550.33514097464 -549.81084977592 -548.8332307224 -547.04601994902 -545.20444171046 -543.02850468704 -544.14404748461 -546.09406760536 -546.62150878226 -545.35903554251 -542.37344545178 -540.04797625546 -535.5460800394 -531.57623570998 -531.62482787794 -532.40549952331 -532 -532 -529.57359442403 -523.99788687256 -518.93450858849 -512.48497855202 -507.40625474612 -500.90145934792 -496.30254861655 -500.49672140121 -512.95607532548 -532.90128173166 -558.28231091351 -614.70405387986 -647.00976878501 -681.22166095924 -715.42057151712 -739.20969260739 -756.56873719691 -765.12825658569 -770.22252728445 -776.4681663413 -781.18904228803 -781.96179334535 -781.4843371314 -780.14016300534 -775.80214612292 -771.20201012195 -768.15496793985
-547.07895361136 -545.98489335894 -545.06527181953 -546.58260042412 -545.44003481039 -543.2104050823 -541.22968304829 -543.03997397305 -547.47450308406 -547.49444816334 -544.63899360933 -540.9148226183 -538.24504872477 -534.20803871894 -530.66766701237 -531.41371568303 -532 -532 -532.00007033707 -527.34969859762 -523.04388219952 -516.61874983989 -509.90765315888 -503.93009224536 -496.15989552993 -490.57149315694 -493.11355412073 -503.96912446564 -523.75273233621 -550.39181475132 -609.53055064549 -643.90966701381 -678.23959403787 -715.40272170734 -744.14022681444 -759.72994043238 -766.21054124995 -773.62628524691 -775.61228969974 -782.12750386414 -781.74164549855 -780.04469882305 -778.43228075019 -775.18233421475 -770.93803608373 -766.97854816017
-545.05307475104 -546.1391410355 -545.00328402068 -543.96371211436 -542.09863352974 -541.84458723151 -542.72388776984 -542.71129370704 -545.34139808484 -544.91594068061 -542.35620519997 -539.03329183115 -535.92205423309 -534.23106163851 -531.83182605646 -532.51960507596 -531.99994150857 -532 -531.99229870602 -528.20777891383 -523.8202421339 -516.92459457558 -509.39824795338 -502.79141955871 -494.70794652512 -488.33170620845 -488.38875817211 -498.87590425746 -518.61859725303 -546.08722477687 -611.53574783158 -641.2494119131 -677.6950154915 -714.37537818458 -744.39684953631 -761.00654574263 -768.1920676207 -773.34029566937 -777.5166714075 -779.86784898827 -777.20324961399 -776.808440514 -777.57005475206 -773.80722866105 -767.74478150569 -762.28952572927
-544.85598890847 -547.27311313258 -545.61053473579 -542.60024647165 -541.86312583165 -544.02325627693 -549.00954967733 -548.69936098716 -547.38584623145 -542.36753469432 -539.82083803192 -536.95338464029 -533.45036512771 -533.11574621765 -532.65216825658 -532.78736788438 -531.69575969579 -532 -532 -530.01349284579 -526.17029294839 -520.58455783248 -514.2721812131 -506.97923339049 -497.90321994244 -491.62288511789 -490.57706200624 -498.6996119286 -515.85353109021 -542.19995407679 -573.77572145169 -637.75242160501 -675.22042314976 -709.67247703825 -736.59974692227 -751.88821502485 -764.04607521744 -769.78237843205 -773.84967925723 -775.59665726159 -774.6677979292 -774.27136422355 -775.9747133745 -770.24555222053 -763.35466151102 -758.3093261728
-540.0576015128 -543.03625801505 -543.20041344054 -543.76647885485 -546.41140603036 -547.7321164552 -551.13705646902 -551.02012250349 -549.54475815336 -543.52741211544 -537.97253463863 -534.4016881891 -531.88692433077 -536.11369533687 -533.13707864954 -533.73073138237 -533.52605206171 -531.93527618325 -532 -531.54617749464 -527.8008156796 -522.86247143967 -517.52203026259 -510.25757040632 -500.6372565934 -493.96608689282 -492.72306447994 -498.25604278762 -514.47115461809 -538.69979167971 -561.18064158412 -628.73796759678 -665.47901061371 -698.20129846854 -723.62246874426 -740.07871465513 -750.93696927951 -757.9512085294 -764.09739218424 -767.07732389091 -766.91789475299 -764.49339459305 -764.88184866155 -761.94440847534 -756.47922422623 -751.83369370103
-537.40492290871 -539.52837554644 -541.34448567947 -543.8942150292 -546.9744888147 -549.11623187026 -549.95735497146 -549.68269911024 -549.07669418857 -545.83216791208 -539.86706492109 -534.19348681504 -532.05713211075 -535.80982999606 -534.47370590881 -535.8351158055 -536.14892175201 -537.13162960804 -537.66648791632 -531.67000452905 -527.08625903438 -521.24982136466 -517.13452829991 -512.94675616879 -505.4781353572 -497.42087124063 -494.4039059814 -497.55135894851 -514.02084891863 -535.59977273392 -557.99515766939 -623.06187487071 -649.90569890555 -680.7780546331 -704.37827458262 -723.07398652174 -736.47247308145 -745.54429708323 -752.06276063772 -755.74580575208 -756.11878029084 -754.2525746725 -754.71472962913 -755.20927967063 -749.49839544281 -744.06885558207
-539.63845395532 -541.05798801156 -542.8537603509 -543.39879691024 -543.39763418015 -546.63075497004 -548.88499940998 -547.7974023452 -546.90729283163 -544.78766175352 -542.73010190586 -540.76186987549 -538.11199502917 -538.65464104928 -538.13458552334 -539.18648459504 -538.79558498119 -539.79516283552 -537.94151020273 -532.13819547925 -527.19337946888 -520.7500479935 -517.01936015808 -513.8409185081 -510.06120216301 -502.52086087624 -497.78521666785 -498.36009438452 -511.44615260161 -529.67492650901 -551.56285094988 -578.33265543878 -635.13910845775 -662.27983248184 -685.07078209356 -705.32974482192 -720.9110199471 -731.03602562189 -737.49986116961 -742.54861137793 -745.64532526493 -747.2527198258 -748.98063895026 -747.48704454477 -740.99033226821 -735.52165559355
-536.35732835555 -537.26441803922 -539.85418025002 -541.13460181467 -541.60186754424 -544.19480683696 -548.41002992479 -549.22990142824 -548.7505856771 -547.68954565141 -544.58048756932 -544.04750001014 -543.56634156404 -545.00612588133 -544.44967999009 -544.45972102815 -544.91940012433 -544.39704718802 -540.54971085774 -533.71925954924 -529.45510388738 -525.03036146755 -522.07656658941 -519.2420775438 -515.21071458052 -506.18170781342 -501.09065007737 -501.6723249886 -511.89025172815 -527.85623913821 -545.85076516512 -569.5218720604 -593.74960112387 -646.32959140475 -662.6181096501 -685.84421311724 -702.99355688323 -714.57501680659 -722.30515271428 -728.40430362579 -732.08898486911 -733.91760113247 -737.86939112608 -738.06770940047 -732.69540656788 -728.03683896083
-528.86821190907 -529.28157714448 -533.1794353473 -536.76331412099 -538.89142260454 -541.23302853133 -545.78431046971 -547.96021365116 -549.78927371873 -549.95526570346 -545.83776753808 -544.78672665104 -544.73493328852 -546.09098775662 -547.66714049512 -547.01858574195 -546.29680047933 -542.88603408406 -537.09486722194 -532.33719614731 -529.98809005301 -525.98010414747 -523.49782879699 -520.21747480743 -514.75055719874 -506.84796589699 -502.97393841477 -507.28540890756 -516.57151570253 -529.01723103782 -543.39442044692 -563.97832372606 -585.96108195539 -637.49646594882 -650.4986758678 -665.91205964711 -683.64289730705 -696.85087085714 -706.5476919495 -713.59344894984 -718.4628128003 -719.70567628073 -723.86364871506 -727.1293915728 -725.25282078206 -723.65731327284
-520.84051820841 -522.97166322688 -528.91590632329 -533.23099470943 -535.11668389169 -538.12928657001 -542.09823676196 -545.22495408151 -548.64954072473 -550.23076145146 -548.05496541436 -546.31829457 -544.21146869909 -545.57226730225 -546.1438011253 -543.53893896874 -540.4712361853 -537.37879567397 -531.01426523935 -531.22697341804 -527.00604667544 -526.02388160177 -522.08094295385 -517.39557582232 -510.96318248172 -507.89555136759 -506.77781238965 -511.04630932281 -519.13641840719 -528.78279829873 -541.88304121318 -558.35692306424 -578.71778769965 -593.47202430171 -633.94867208164 -647.14914468682 -662.2841546139 -676.83987269175 -689.90345333583 -698.17780127916 -703.77879511513 -707.59630697683 -712.70416941226 -716.21839551812 -716.9455537732 -719.70666221749
-517.02893324194 -518.59077337052 -522.73196539336 -528.09033286055 -530.89944912365 -533.52392893947 -536.79061071953 -541.09078162879 -545.41643938473 -547.97391206001 -548.95263465991 -547.9278841106 -545.01446020342 -542.31552058649 -539.24476122783 -536.71749989237 -535.44761778662 -533.77736918886 -530.51760623417 -530.05024748582 -528.49030300438 -525.49802597249 -523.04166548873 -518.18481654645 -512.94969336928 -508.93169144651 -506.44432492655 -510.03254272982 -517.4883450414 -527.238334071 -539.55816892718 -553.58855480335 -569.21955211081 -581.63470621588 -598.53531542773 -633.00329323605 -644.68900526544 -658.21325629218 -672.93880877675 -682.73890969072 -689.5181539508 -694.39911791249 -700.13714727067 -704.71296835906 -708.33401067518 -711.85533969329
-513.82216885577 -514.70394910662 -515.41508429534 -520.05110128016 -524.48331060463 -527.31934160935 -530.77171627607 -535.4324196826 -539.80438612357 -543.66944861351 -547.47283492644 -548.71757962301 -545.50545135682 -540.05065370751 -535.78435835682 -532.19406423249 -529.51923403902 -526.71687542411 -525.33296897134 -525.04201930195 -527.63717898516 -528.89236230351 -526.48653289146 -522.21751095515 -514.76672020314 -508.84560684873 -506.49993239825 -508.8823285461 -515.66154869416 -524.51537103426 -534.44104948532 -545.97422630388 -559.16249628679 -571.80334741047 -587.73510487044 -622.72976764514 -631.90586509732 -646.71604541887 -657.06500394368 -667.37911192127 -675.38111342975 -681.61710379962 -687.11607018446 -691.70540866588 -696.33227510321 -700.85875261576
-508.04777629046 -508.2493190054 -509.20695078276 -513.5529629284 -517.99837904589 -521.12989249639 -524.49931004461 -529.20487230126 -534.239102387 -538.97860174984 -543.69043328492 -545.82249794495 -542.7165955953 -537.00723088691 -533.48785198166 -530.1934365133 -525.77054562673 -521.46585590333 -520.44075263609 -522.36571757541 -524.83259889833 -527.1188287945 -526.75492465312 -522.9988929126 -515.91372165241 -510.5381534877 -509.94026397652 -512.5052777138 -517.4539367976 -523.15041666833 -529.89161705659 -538.62140905289 -549.45510951762 -560.7200059627 -574.91124926179 -584.29854224109 -620.61103633541 -634.20664349573 -641.87971042188 -650.40068711217 -658.26172575492 -667.11406094845 -673.70232303808 -678.99332233596 -684.56923963417 -689.06237695791
-502.85449042466 -501.68296537206 -503.31332535527 -506.64504232281 -509.93433168163 -513.49367413007 -517.91060048329 -523.05536667823 -528.36346663083 -532.93275142361 -537.6078828289 -540.29404746785 -538.50701569462 -533.11112285082 -529.54480118793 -527.22123610738 -523.64587096157 -520.03252807156 -520.10278567873 -522.89344785724 -524.53912488574 -525.21817501696 -523.72523044816 -519.42946641399 -514.70851380696 -512.89814537248 -515.01616838237 -517.53783583538 -519.75514476027 -522.38540841992 -526.27044680568 -531.58630605676 -539.43973309087 -548.99288705473 -564.57440152087 -574.26413912428 -608.83809033456 -617.98594241026 -627.91030589624 -636.49332466546 -642.61139919992 -651.53425062796 -659.41162776758 -666.69096618274 -672.86425473202 -674.75162344104
-499.77257303486 -499.22721120832 -498.78147670553 -500.1319308445 -502.19181709395 -506.48821896965 -511.52600934309 -515.18975159588 -519.8235384308 -524.82883497188 -529.81195646969 -533.80875626835 -535.69748006075 -533.28036095248 -529.29666501268 -525.49435315436 -521.70080615337 -518.803148091 -519.48905427779 -521.90012983049 -522.66429667627 -521.87250659998 -519.17480732871 -515.09187499388 -512.6639242148 -513.9342602766 -517.60828972834 -519.55315924038 -519.37088342838 -519.03880571951 -519.49773121753 -521.99187158402 -527.95582041985 -536.69365587606 -550.03990205026 -560.08617456547 -596.17590595414 -603.025030767 -614.3318358517 -624.43166557633 -629.24673214878 -634.4751934286 -644.81467463349 -654.65144911437 -661.45023521824 -663.3338849017
