DataConverter.Test/data/Surfaces/SurferText/Bad_NotNumber.grd
DSAA
819   316
336533.8125   377433.8125
330839.3125   346589.3125
1296.5996   1435.6842
[rows 130 to 155 of 316, columns 600 to 659 of 819]
1360.8984 1361.3292 1361.8846 1362.4406 1363.2651 1364.2798 1365.2944 1365.9795 1366.4365 1366.8939 1367.1174 1367.1827 1367.2483 1367.1299 1366.8894 1366.6492 1366.4403 1366.2518 1366.0636 1365.6716 1365.1499 1364.6284 1363.6937 1362.5018 1361.3096 1359.2821 1356.7445 1354.2069 1351.5769 1348.8912 1346.2056 1344.5912 1343.6038 1342.6158 1342.0276 1341.6681 1341.3083 1341.2325 1341.3162 1341.3994 1341.812 1342.4054 1342.9985 1343.512 1343.9821 1344.4521 1342.9521 1340.4164 1337.8807 1339.0144 1342.0352 1345.0558 1346.3901 1346.8759 1347.3612 1348.5696 1350.1333 1351.6965 1353.1279 1354.4956
1361.6465 1362.087 1362.6108 1363.135 1363.8676 1364.7471 1365.6268 1366.2119 1366.5934 1366.9752 1367.1569 1367.2031 1367.2496 1367.1216 1366.8777 1366.6339 1366.3987 1366.1692 1365.9397 1365.5143 1364.9645 1364.4144 1363.5386 1362.4592 1361.38 1359.6111 1357.421 1355.2311 1352.8438 1350.3384 1347.833 1346.2421 1345.1862 1344.1302 1343.6248 1343.4346 1343.2439 1343.4711 1343.9325 1344.3937 1345.1052 1345.9545 1346.8035 1347.3986 1347.8573 1348.3159 1347.3403 1345.611 1343.8816 1344.64 1346.678 1348.7158 1349.6812 1350.1068 1350.5322 1351.4844 1352.6954 1353.9062 1355.0558 1356.176
1362.3945 1362.8447 1363.337 1363.8296 1364.4698 1365.2144 1365.9591 1366.4443 1366.7502 1367.0564 1367.1963 1367.2235 1367.251 1367.1133 1366.866 1366.6188 1366.3573 1366.0867 1365.8159 1365.3573 1364.7789 1364.2008 1363.3833 1362.417 1361.4507 1359.9403 1358.0979 1356.2554 1354.1108 1351.7858 1349.4604 1347.8931 1346.769 1345.6447 1345.2219 1345.2009 1345.1797 1345.7098 1346.5491 1347.3879 1348.3986 1349.5035 1350.6082 1351.2854 1351.7325 1352.1796 1351.7288 1350.8058 1349.8826 1350.2657 1351.3208 1352.3759 1352.9723 1353.3379 1353.7032 1354.399 1355.2574 1356.1157 1356.9836 1357.8563
1363.1364 1363.5919 1364.0516 1364.5115 1365.0609 1365.6738 1366.2867 1366.6752 1366.9084 1367.1418 1367.24 1367.2467 1367.2537 1367.1055 1366.8544 1366.6034 1366.3177 1366.0098 1365.7018 1365.2177 1364.6213 1364.025 1363.2682 1362.4111 1361.5542 1360.2925 1358.7837 1357.2748 1355.3715 1353.2323 1351.0929 1349.5575 1348.3752 1347.1927 1346.8512 1346.9915 1347.1316 1347.9487 1349.1458 1350.3425 1351.6241 1352.9523 1354.2803 1355.02 1355.4438 1355.8678 1355.8953 1355.7146 1355.5339 1355.571 1355.7201 1355.8691 1356.1154 1356.4104 1356.7052 1357.1562 1357.6841 1358.2115 1358.8136 1359.4514
1363.8068 1364.2192 1364.6332 1365.0474 1365.5233 1366.0425 1366.562 1366.8882 1367.0806 1367.2732 1367.3326 1367.3016 1367.271 1367.1021 1366.8412 1366.5807 1366.296 1365.9957 1365.6953 1365.2759 1364.7805 1364.2849 1363.609 1362.8202 1362.0314 1360.9039 1359.5698 1358.2358 1356.5546 1354.6659 1352.777 1351.371 1350.2474 1349.1237 1348.8477 1349.0574 1349.2667 1350.1907 1351.5156 1352.8402 1354.0701 1355.2479 1356.4257 1357.0093 1357.2736 1357.538 1357.516 1357.3438 1357.1714 1357.196 1357.322 1357.4478 1357.5597 1357.6642 1357.7687 1358.1045 1358.5541 1359.0033 1359.5195 1360.0679
1364.4773 1364.8466 1365.2148 1365.5835 1365.9855 1366.4114 1366.8372 1367.1011 1367.2528 1367.4047 1367.4253 1367.3568 1367.2886 1367.0986 1366.8284 1366.5583 1366.2744 1365.9817 1365.6892 1365.3342 1364.9398 1364.5452 1363.9498 1363.2294 1362.5087 1361.5156 1360.3563 1359.1969 1357.7379 1356.0995 1354.4612 1353.1847 1352.1199 1351.0548 1350.8444 1351.1233 1351.4022 1352.433 1353.8855 1355.3379 1356.5161 1357.5437 1358.5712 1358.9985 1359.1034 1359.208 1359.1367 1358.9728 1358.809 1358.821 1358.9238 1359.0266 1359.0038 1358.918 1358.8319 1359.0527 1359.4241 1359.795 1360.2255 1360.6843
1365.1388 1365.4589 1365.7793 1366.1001 1366.4324 1366.7727 1367.1132 1367.3184 1367.4301 1367.5417 1367.522 1367.4131 1367.3041 1367.0933 1366.8148 1366.5364 1366.2573 1365.9777 1365.6981 1365.4053 1365.1039 1364.8026 1364.2891 1363.6434 1362.9978 1362.1379 1361.1473 1360.1566 1358.9119 1357.5149 1356.118 1354.9697 1353.9666 1352.9636 1352.8152 1353.1565 1353.4978 1354.6089 1356.152 1357.6947 1358.8057 1359.6794 1360.553 1360.8303 1360.7874 1360.744 1360.6289 1360.4757 1360.3229 1360.3218 1360.3993 1360.4767 1360.3345 1360.082 1359.8293 1359.9448 1360.2415 1360.5378 1360.8845 1361.2551
1365.6936 1365.8875 1366.1343 1366.3812 1366.6907 1367.0439 1367.3973 1367.5885 1367.6677 1367.7469 1367.6683 1367.483 1367.2976 1367.0613 1366.7909 1366.5206 1366.2926 1366.0923 1365.892 1365.6288 1365.3256 1365.0225 1364.6052 1364.1166 1363.6279 1362.887 1361.9917 1361.0966 1359.9696 1358.7042 1357.4385 1356.4019 1355.4996 1354.5968 1354.4705 1354.7887 1355.1068 1355.9761 1357.1547 1358.333 1359.1871 1359.8632 1360.5389 1360.7434 1360.6945 1360.6454 1360.5548 1360.4427 1360.3303 1360.309 1360.3346 1360.3599 1360.2819 1360.1517 1360.0215 1360.1569 1360.4225 1360.688 1360.9752 1361.2726
1366.2483 1366.3159 1366.4891 1366.6624 1366.949 1367.3151 1367.6815 1367.8588 1367.9054 1367.9521 1367.8149 1367.5531 1367.2914 1367.0293 1366.7671 1366.5049 1366.3282 1366.2069 1366.0858 1365.8524 1365.5476 1365.2426 1364.9213 1364.5897 1364.2582 1363.6359 1362.8364 1362.0366 1361.0276 1359.8933 1358.759 1357.8344 1357.0325 1356.2301 1356.1256 1356.4209 1356.7161 1357.3434 1358.1575 1358.9713 1359.5685 1360.0469 1360.525 1360.6565 1360.6014 1360.5466 1360.481 1360.4095 1360.338 1360.2963 1360.2698 1360.2432 1360.2291 1360.2214 1360.2135 1360.3685 1360.6034 1360.838 1361.0657 1361.2898
1366.76 1366.7145 1366.8215 1366.9288 1367.2007 1367.5887 1367.9769 1368.1469 1368.1658 1368.1851 1367.9856 1367.6377 1367.2903 1366.9978 1366.7417 1366.4857 1366.3583 1366.3145 1366.2708 1366.0712 1365.7726 1365.474 1365.2498 1365.0717 1364.8937 1364.3895 1363.6865 1362.9832 1362.0891 1361.0808 1360.0725 1359.2555 1358.5504 1357.8451 1357.7545 1358.016 1358.2771 1358.6699 1359.1364 1359.6027 1359.9498 1360.2317 1360.5135 1360.5751 1360.5182 1360.4613 1360.4131 1360.3695 1360.3259 1360.2648 1360.1945 1360.1243 1360.1744 1360.2854 1360.3961 1360.5665 1360.7661 1360.9655 1361.1333 1361.2859
1366.7146 1366.7223 1366.8632 1367.004 1367.3699 1367.8942 1368.4186 1368.6658 1368.7216 1368.7773 1368.4681 1367.9121 1367.3561 1366.9696 1366.6953 1366.4213 1366.3184 1366.3268 1366.3352 1366.2241 1366.0369 1365.8496 1365.7352 1365.666 1365.5969 1365.2017 1364.6071 1364.0123 1363.1948 1362.244 1361.2928 1360.5291 1359.8746 1359.2201 1359.0386 1359.1281 1359.2173 1359.4651 1359.8016 1360.1382 1360.3245 1360.4287 1360.5325 1360.5638 1360.556 1360.5482 1360.4246 1360.2401 1360.0557 1359.9889 1359.9825 1359.9761 1360.094 1360.2745 1360.4547 1360.5865 1360.6942 1360.8018 1360.9058 1361.0081
1366.6692 1366.7303 1366.9047 1367.0793 1367.5389 1368.1996 1368.8604 1369.1849 1369.2772 1369.3696 1368.9509 1368.1864 1367.422 1366.9413 1366.6492 1366.3569 1366.2786 1366.3391 1366.3999 1366.3771 1366.3011 1366.2255 1366.2208 1366.2606 1366.3003 1366.0137 1365.5278 1365.0419 1364.3007 1363.4071 1362.5132 1361.8025 1361.1989 1360.5951 1360.3228 1360.2402 1360.1573 1360.2604 1360.467 1360.6738 1360.6995 1360.6255 1360.5515 1360.5526 1360.594 1360.6354 1360.4363 1360.1108 1359.7854 1359.7129 1359.7705 1359.8281 1360.0137 1360.2635 1360.5133 1360.6063 1360.6222 1360.6378 1360.6781 1360.73
1366.601 1366.7185 1366.9337 1367.149 1367.7068 1368.5059 1369.3052 1369.7081 1369.8374 1369.9667 1369.4375 1368.4624 1367.4873 1366.9113 1366.6002 1366.2891 1366.2338 1366.3445 1366.4553 1366.5184 1366.5511 1366.5839 1366.6848 1366.8281 1366.9716 1366.7914 1366.4138 1366.0361 1365.3735 1364.5405 1363.7075 1363.0494 1362.4939 1361.9381 1361.5803 1361.3359 1361.0914 1361.0511 1361.1254 1361.1996 1361.0658 1360.8176 1360.5697 1360.5326 1360.609 1360.6854 1360.4142 1359.9602 1359.5062 1359.4286 1359.5443 1359.6599 1359.9075 1360.2209 1360.5341 1360.5952 1360.5322 1360.4689 1360.4503 1360.4531
1366.2178 1366.4355 1366.7878 1367.1401 1367.8541 1368.8229 1369.7917 1370.2887 1370.4595 1370.6305 1369.9747 1368.7598 1367.5446 1366.8553 1366.515 1366.1746 1366.1204 1366.2522 1366.384 1366.4972 1366.5983 1366.6993 1366.8463 1367.0217 1367.197 1367.0933 1366.8192 1366.5448 1365.9886 1365.264 1364.5392 1363.9279 1363.3831 1362.8381 1362.4703 1362.2037 1361.9371 1361.7793 1361.6825 1361.5859 1361.3123 1360.9417 1360.571 1360.3881 1360.3055 1360.2231 1359.9248 1359.5126 1359.1006 1359.0239 1359.1195 1359.2153 1359.4438 1359.7395 1360.035 1360.1572 1360.1942 1360.2311 1360.2229 1360.193
1365.8346 1366.1527 1366.642 1367.1315 1368.0015 1369.1399 1370.2783 1370.8691 1371.0818 1371.2941 1370.5121 1369.057 1367.6019 1366.7994 1366.4296 1366.0599 1366.0071 1366.1599 1366.313 1366.4761 1366.6454 1366.8149 1367.0079 1367.2153 1367.4227 1367.3954 1367.2246 1367.0537 1366.6039 1365.9875 1365.3708 1364.8064 1364.2723 1363.7382 1363.3601 1363.0717 1362.783 1362.5077 1362.24 1361.9722 1361.559 1361.0659 1360.5726 1360.2433 1360.0023 1359.7612 1359.4354 1359.0653 1358.6949 1358.6193 1358.6949 1358.7705 1358.9805 1359.2582 1359.5356 1359.7192 1359.8562 1359.9932 1359.9954 1359.9326
1365.4425 1365.8617 1366.4885 1367.1157 1368.1385 1369.4407 1370.7428 1371.4216 1371.6696 1371.9177 1371.0189 1369.3439 1367.6686 1366.7592 1366.3572 1365.9556 1365.9025 1366.0762 1366.2499 1366.4594 1366.692 1366.9246 1367.1622 1367.403 1367.6434 1367.6923 1367.6235 1367.5548 1367.2111 1366.703 1366.1947 1365.6772 1365.1545 1364.6317 1364.2432 1363.9316 1363.6199 1363.2305 1362.7976 1362.3647 1361.8103 1361.1892 1360.5681 1360.0908 1359.6908 1359.2905 1358.9384 1358.6113 1358.2843 1358.2115 1358.2695 1358.3275 1358.5237 1358.7894 1359.0552 1359.2979 1359.5294 1359.7607 1359.7732 1359.6803
1364.9165 1365.4506 1366.2223 1366.9943 1368.1217 1369.4999 1370.8782 1371.5566 1371.7516 1371.9467 1371.0721 1369.4735 1367.8749 1366.9514 1366.4756 1365.9996 1365.927 1366.1163 1366.3055 1366.5117 1366.7285 1366.9452 1367.2081 1367.4995 1367.791 1367.9114 1367.9276 1367.9436 1367.7001 1367.3013 1366.9025 1366.4374 1365.9336 1365.4297 1365.0243 1364.6748 1364.3253 1363.8716 1363.3594 1362.8469 1362.1311 1361.3033 1360.4756 1359.8196 1359.2561 1358.6924 1358.3242 1358.0587 1357.7932 1357.7542 1357.8315 1357.9087 1358.1631 1358.5066 1358.8499 1359.1256 1359.3678 1359.6099 1359.6317 1359.5475
1364.3905 1365.0397 1365.9562 1366.8729 1368.105 1369.5592 1371.0134 1371.6918 1371.8336 1371.9757 1371.1254 1369.6033 1368.0812 1367.1438 1366.5939 1366.0439 1365.9517 1366.1565 1366.3613 1366.5638 1366.765 1366.9659 1367.254 1367.5962 1367.9381 1368.1305 1368.2316 1368.3325 1368.1891 1367.8995 1367.61 1367.1974 1366.7126 1366.2278 1365.8051 1365.4181 1365.031 1364.5128 1363.921 1363.3292 1362.4518 1361.4172 1360.3828 1359.5485 1358.8214 1358.0944 1357.7103 1357.5063 1357.3025 1357.297 1357.3934 1357.4899 1357.8024 1358.2236 1358.6449 1358.9534 1359.2062 1359.4591 1359.4902 1359.4146
1363.8983 1364.6683 1365.7339 1366.7994 1368.1393 1369.6726 1371.2062 1371.8861 1371.9764 1372.0667 1371.2366 1369.7831 1368.3297 1367.3711 1366.7406 1366.11 1365.9917 1366.2061 1366.4204 1366.6173 1366.8032 1366.9889 1367.3007 1367.6909 1368.0809 1368.3448 1368.5317 1368.7185 1368.676 1368.4966 1368.3168 1367.9581 1367.4946 1367.0309 1366.5923 1366.1678 1365.7433 1365.1622 1364.4933 1363.8241 1362.7841 1361.5404 1360.2965 1359.2836 1358.3948 1357.5057 1357.108 1356.9683 1356.8284 1356.8618 1356.9843 1357.1067 1357.4762 1357.9705 1358.4644 1358.8046 1359.0687 1359.333 1359.3737 1359.3071
1363.941 1364.9301 1366.2068 1367.4836 1368.9867 1370.6493 1372.3119 1373.0273 1373.0881 1373.1488 1372.2725 1370.7617 1369.2509 1368.1573 1367.3405 1366.5237 1366.2792 1366.4064 1366.5337 1366.692 1366.87 1367.048 1367.3597 1367.7552 1368.1504 1368.4811 1368.7723 1369.0635 1369.1338 1369.0721 1369.0103 1368.7312 1368.3246 1367.9177 1367.4786 1367.0209 1366.563 1365.9427 1365.2316 1364.5201 1363.3022 1361.8062 1360.3099 1359.12 1358.0944 1357.0686 1356.6924 1356.6573 1356.6226 1356.7789 1357.0338 1357.2885 1357.6989 1358.1876 1358.6765 1359.0293 1359.3152 1359.601 1359.6575 1359.6035
1363.984 1365.1918 1366.6798 1368.1681 1369.8344 1371.6262 1373.4181 1374.1687 1374.1998 1374.231 1373.3086 1371.7404 1370.1722 1368.9437 1367.9404 1366.9373 1366.5665 1366.6068 1366.647 1366.7666 1366.9366 1367.1068 1367.4188 1367.8195 1368.2198 1368.6173 1369.0129 1369.4084 1369.5916 1369.6478 1369.7041 1369.5042 1369.1545 1368.8047 1368.3651 1367.8739 1367.3826 1366.7234 1365.9698 1365.2164 1363.8206 1362.072 1360.3235 1358.9562 1357.7938 1356.6315 1356.2767 1356.3468 1356.4165 1356.696 1357.0833 1357.4703 1357.9216 1358.405 1358.8885 1359.2542 1359.5615 1359.8689 1359.9412 1359.9
1364.079 1365.5007 1367.1967 1368.8927 1370.7106 1372.6143 1374.5181 1375.2964 1375.297 1375.2976 1374.3267 1372.6981 1371.0693 1369.7089 1368.5261 1367.3434 1366.8495 1366.8032 1366.7566 1366.8368 1366.9978 1367.1587 1367.4712 1367.8784 1368.2854 1368.749 1369.2472 1369.7452 1370.0409 1370.2156 1370.3899 1370.2654 1369.9656 1369.6655 1369.2247 1368.703 1368.1812 1367.4851 1366.6913 1365.8975 1364.3289 1362.335 1360.3411 1358.8026 1357.5088 1356.2148 1355.8828 1356.0562 1356.2296 1356.6282 1357.1427 1357.6571 1358.1498 1358.6317 1359.1134 1359.4928 1359.8218 1360.1508 1360.2388 1360.2108
1365.072 1366.6241 1368.4664 1370.3088 1372.0775 1373.7939 1375.5106 1376.1853 1376.1399 1376.0945 1375.0365 1373.293 1371.5492 1370.1072 1368.8651 1367.6229 1367.0575 1366.9314 1366.8052 1366.8344 1366.9624 1367.0901 1367.4091 1367.8473 1368.2854 1368.8054 1369.3755 1369.9454 1370.3466 1370.6466 1370.9468 1370.8228 1370.4504 1370.0782 1369.6223 1369.1185 1368.6146 1367.9203 1367.1194 1366.3184 1364.6669 1362.5486 1360.4301 1358.8215 1357.4869 1356.1521 1355.8589 1356.1133 1356.3674 1356.8196 1357.3735 1357.9274 1358.4735 1359.016 1359.5583 1359.9712 1360.3204 1360.6696 1360.7762 1360.7662
1366.0654 1367.7476 1369.7365 1371.7255 1373.4447 1374.9739 1376.5032 1377.0742 1376.9829 1376.8915 1375.7463 1373.8877 1372.0291 1370.5055 1369.2041 1367.9025 1367.2654 1367.0597 1366.8538 1366.8319 1366.9268 1367.0215 1367.3469 1367.8162 1368.2852 1368.8618 1369.5037 1370.1456 1370.6522 1371.0779 1371.5035 1371.38 1370.9354 1370.491 1370.02 1369.5341 1369.048 1368.3557 1367.5474 1366.7391 1365.0048 1362.7621 1360.5193 1358.8406 1357.4652 1356.0895 1355.8352 1356.1703 1356.5054 1357.011 1357.6045 1358.1976 1358.7974 1359.4004 1360.0034 1360.4497 1360.8192 1361.1886 1361.3138 1361.3217
1367.0984 1368.9017 1371.019 1373.1366 1374.7937 1376.1262 1377.4587 1377.9165 1377.7698 1377.6228 1376.3901 1374.4224 1372.4545 1370.8506 1369.4883 1368.1257 1367.4189 1367.1379 1366.8568 1366.793 1366.8673 1366.9415 1367.2786 1367.7793 1368.2799 1368.9072 1369.6121 1370.3165 1370.9189 1371.4602 1372.0011 1371.8815 1371.3751 1370.8683 1370.3871 1369.9205 1369.4537 1368.7675 1367.9581 1367.1486 1365.3405 1362.9844 1360.6282 1358.8844 1357.4695 1356.0544 1355.8354 1356.245 1356.6545 1357.2098 1357.8402 1358.4705 1359.1228 1359.7864 1360.4498 1360.9292 1361.3181 1361.7072 1361.8506 1361.876
1368.8724 1370.6295 1372.5369 1374.4441 1375.795 1376.7535 1377.7119 1377.8783 1377.4974 1377.1166 1375.7893 1373.8215 1371.8535 1370.1956 1368.7435 1367.2913 1366.553 1366.2784 1366.0037 1366.0742 1366.3644 1366.6543 1367.0983 1367.6384 1368.1782 1368.7515 1369.3446 1369.9377 1370.4532 1370.9221 1371.391 1371.3297 1370.9581 1370.5864 1370.182 1369.7592 1369.3362 1368.7367 1368.0381 1367.3395 1365.6322 1363.3713 1361.1102 1359.3921 1357.9655 1356.5388 1356.2856 1356.6493 1357.0128 1357.547 1358.1688 1358.7905 1359.479 1360.2009 1360.9229 1361.4269 1361.8237 1362.2208 1362.3735 1362.4086
