DataConverter.Test/data/Surfaces/SurferText/Bad_NotNumber.grd
DSAA
819   316
336533.8125   377433.8125
330839.3125   346589.3125
1296.5996   1435.6842
[rows 156 to 181 of 316, columns 60 to 119 of 819]
1346.1732 1344.9332 1343.9647 1343.1156 1342.2662 1341.777 1341.4421 1341.1075 1341.1832 1341.4312 1341.6793 1342.181 1342.7869 1343.3932 1343.9091 1344.3892 1344.8699 1345.2893 1345.6849 1346.0819 1346.8007 1347.6429 1348.4863 1349.5581 1350.7155 1351.8746 1353.1954 1354.5762 1355.9585 1357.4366 1358.95 1360.4652 1361.8622 1363.22 1364.58 1365.3842 1366.0034 1366.6252 1366.8129 1366.8607 1366.9111 1366.7653 1366.5593 1366.3561 1366.0841 1365.7931 1365.5049 1364.7186 1363.7845 1362.8535 1361.722 1360.5338 1359.3485 1358.5824 1357.9373 1357.2949 1357.1263 1357.0903 1357.0569 1357.2766
1347.2686 1346.2023 1345.3892 1344.6874 1343.9856 1343.5554 1343.2419 1342.9288 1342.9835 1343.1927 1343.4021 1343.7588 1344.1757 1344.5933 1344.9894 1345.3774 1345.7661 1346.1648 1346.5679 1346.9719 1347.6458 1348.4231 1349.2018 1350.2162 1351.3193 1352.424 1353.7677 1355.199 1356.6323 1358.1583 1359.7185 1361.2808 1362.6761 1364.0154 1365.3571 1366.0972 1366.6372 1367.1798 1367.2383 1367.1405 1367.0455 1366.7826 1366.4684 1366.1566 1365.8837 1365.6248 1365.3685 1364.6825 1363.869 1363.0583 1362.0922 1361.0828 1360.076 1359.4586 1358.954 1358.4518 1358.3416 1358.3416 1358.3441 1358.5983
1348.4042 1347.3499 1346.584 1345.9446 1345.3052 1344.9224 1344.6497 1344.3771 1344.4073 1344.5649 1344.7227 1345.0093 1345.3488 1345.6888 1346.04 1346.3964 1346.7533 1347.1531 1347.5701 1347.9882 1348.6302 1349.3584 1350.0878 1351.0532 1352.1073 1353.1631 1354.5303 1356.0115 1357.4944 1359.0648 1360.6674 1362.2721 1363.6772 1365.0154 1366.356 1367.053 1367.5363 1368.0217 1367.9697 1367.7437 1367.5205 1367.1332 1366.6957 1366.2609 1365.8945 1365.5513 1365.2108 1364.5875 1363.8809 1363.1774 1362.3998 1361.6025 1360.8081 1360.365 1360.0237 1359.6851 1359.7178 1359.8547 1359.9943 1360.3843
1349.5397 1348.4976 1347.7787 1347.2018 1346.6249 1346.2892 1346.0571 1345.8253 1345.8312 1345.937 1346.0428 1346.2595 1346.5216 1346.7842 1347.0905 1347.4147 1347.7399 1348.1409 1348.5719 1349.0039 1349.6141 1350.2931 1350.9735 1351.8898 1352.8948 1353.9015 1355.2921 1356.823 1358.3557 1359.9705 1361.6152 1363.2623 1364.6775 1366.0144 1367.3536 1368.0077 1368.434 1368.8624 1368.6996 1368.3456 1367.9941 1367.4824 1366.9215 1366.3634 1365.9036 1365.476 1365.0513 1364.4907 1363.891 1363.2943 1362.7052 1362.1201 1361.5378 1361.269 1361.0911 1360.9158 1361.0912 1361.3652 1361.6417 1362.1677
1350.6777 1349.6497 1348.9756 1348.4567 1347.938 1347.6467 1347.4529 1347.259 1347.2405 1347.2953 1347.3503 1347.4987 1347.6852 1347.8722 1348.1345 1348.4272 1348.7207 1349.1218 1349.5656 1350.0103 1350.5911 1351.2244 1351.8593 1352.7318 1353.6937 1354.6572 1356.0714 1357.6498 1359.2301 1360.8901 1362.5798 1364.2715 1365.6982 1367.0352 1368.3745 1368.9812 1369.3439 1369.7092 1369.432 1368.9469 1368.4646 1367.8275 1367.1433 1366.4619 1365.9086 1365.3971 1364.8882 1364.3912 1363.8998 1363.4111 1363.0095 1362.6354 1362.264 1362.1702 1362.1572 1362.147 1362.4686 1362.884 1363.3019 1363.9573
1351.8739 1350.9058 1350.2235 1349.6666 1349.1096 1348.7928 1348.5791 1348.3654 1348.3193 1348.3439 1348.3687 1348.4873 1348.645 1348.8032 1349.0399 1349.3083 1349.5778 1349.9591 1350.3846 1350.8112 1351.4156 1352.0887 1352.7633 1353.7146 1354.7698 1355.8268 1357.2643 1358.8409 1360.4194 1362.153 1363.9424 1365.734 1367.2095 1368.5778 1369.9485 1370.4084 1370.5646 1370.7234 1370.249 1369.5695 1368.8928 1368.1147 1367.3064 1366.5007 1365.8601 1365.2723 1364.6875 1364.2775 1363.922 1363.5691 1363.338 1363.1447 1362.954 1363.0597 1363.2516 1363.4462 1363.999 1364.6527 1365.309 1365.9579
1353.0699 1352.1619 1351.4714 1350.8763 1350.281 1349.9387 1349.705 1349.4713 1349.3981 1349.3922 1349.3865 1349.476 1349.6046 1349.7338 1349.9448 1350.1892 1350.4344 1350.796 1351.2032 1351.6118 1352.24 1352.9526 1353.6667 1354.6968 1355.8452 1356.9955 1358.4565 1360.0312 1361.608 1363.4147 1365.3038 1367.1953 1368.7197 1370.1193 1371.5214 1371.8344 1371.7841 1371.7363 1371.0645 1370.1907 1369.3196 1368.4004 1367.468 1366.5381 1365.8101 1365.1462 1364.4851 1364.1616 1363.9419 1363.725 1363.6646 1363.6517 1363.6417 1363.9469 1364.3436 1364.7428 1365.5267 1366.4189 1367.3134 1367.9559
1354.254 1353.4087 1352.7123 1352.0813 1351.4501 1351.0826 1350.8285 1350.5745 1350.4738 1350.4376 1350.4019 1350.4624 1350.5626 1350.6635 1350.8497 1351.0708 1351.2924 1351.6354 1352.0264 1352.4182 1353.0709 1353.8237 1354.578 1355.6859 1356.9261 1358.1682 1359.6552 1361.2321 1362.811 1364.6893 1366.6747 1368.6621 1370.2279 1371.6498 1373.0743 1373.2394 1372.984 1372.731 1371.8654 1370.8015 1369.7402 1368.6836 1367.63 1366.5791 1365.767 1365.0306 1364.297 1364.0599 1363.9745 1363.8914 1364.001 1364.1687 1364.3389 1364.845 1365.4482 1366.0541 1367.0667 1368.1932 1369.3223 1369.9594
1355.1377 1354.4257 1353.7836 1353.1722 1352.5608 1352.1772 1351.8916 1351.6062 1351.4784 1351.4169 1351.3557 1351.3995 1351.4866 1351.5742 1351.7552 1351.9742 1352.1941 1352.5541 1352.9694 1353.3859 1354.0852 1354.8928 1355.7019 1356.8655 1358.1617 1359.4596 1361.0381 1362.7194 1364.4027 1366.3109 1368.2999 1370.2913 1371.7087 1372.9305 1374.1545 1374.1418 1373.7164 1373.2936 1372.3262 1371.1827 1370.042 1368.9369 1367.8448 1366.7555 1365.9496 1365.2332 1364.5194 1364.359 1364.3671 1364.3776 1364.6453 1364.9895 1365.3365 1366.0789 1366.9352 1367.7942 1368.9741 1370.2443 1371.517 1372.1761
1356.0214 1355.4423 1354.8545 1354.2631 1353.6714 1353.2719 1352.9547 1352.6377 1352.4828 1352.3959 1352.3093 1352.3364 1352.4103 1352.4847 1352.6608 1352.8776 1353.0953 1353.4724 1353.9121 1354.3531 1355.0989 1355.9614 1356.8254 1358.0446 1359.3966 1360.7502 1362.4202 1364.2059 1365.9935 1367.9316 1369.9244 1371.9193 1373.1886 1374.2098 1375.2335 1375.0432 1374.4476 1373.8546 1372.7854 1371.5627 1370.3422 1369.1887 1368.058 1366.9301 1366.1302 1365.434 1364.7401 1364.6562 1364.7578 1364.8619 1365.2872 1365.8083 1366.3322 1367.3104 1368.4199 1369.5319 1370.879 1372.2928 1373.7089 1374.3903
1356.9014 1356.4536 1355.9211 1355.3512 1354.7812 1354.3665 1354.0183 1353.6703 1353.4885 1353.3766 1353.2649 1353.276 1353.3376 1353.3999 1353.5715 1353.7876 1354.0043 1354.3994 1354.8647 1355.3308 1356.123 1357.0403 1357.9587 1359.233 1360.6405 1362.0497 1363.8086 1365.6953 1367.584 1369.5454 1371.5339 1373.5247 1374.6443 1375.4658 1376.2898 1375.9232 1375.1594 1374.3981 1373.2294 1371.9293 1370.632 1369.4323 1368.2655 1367.1014 1366.3103 1365.6365 1364.9653 1364.9572 1365.1504 1365.3461 1365.9268 1366.6218 1367.3195 1368.5283 1369.8845 1371.243 1372.7488 1374.297 1375.8475 1376.55
1357.6832 1357.322 1356.8684 1356.3741 1355.8796 1355.4744 1355.1077 1354.741 1354.5422 1354.4142 1354.2861 1354.303 1354.3792 1354.4562 1354.6536 1354.8997 1355.1466 1355.5872 1356.1039 1356.6217 1357.462 1358.426 1359.3915 1360.7115 1362.1646 1363.6194 1365.3964 1367.2911 1369.188 1370.9819 1372.7407 1374.5016 1375.4318 1376.0775 1376.7256 1376.2262 1375.344 1374.4641 1373.2623 1371.9573 1370.6548 1369.4823 1368.3533 1367.2266 1366.5193 1365.9437 1365.3706 1365.416 1365.6494 1365.8854 1366.5498 1367.3412 1368.1353 1369.4153 1370.8352 1372.2577 1373.6775 1375.0984 1376.5216 1377.2227
1358.4651 1358.1902 1357.8156 1357.3965 1356.9774 1356.582 1356.1968 1355.8115 1355.5958 1355.4513 1355.307 1355.3295 1355.4204 1355.512 1355.7351 1356.0115 1356.2885 1356.7745 1357.3425 1357.9119 1358.8004 1359.8113 1360.8235 1362.1896 1363.6881 1365.1882 1366.9833 1368.8862 1370.7914 1372.4174 1373.9465 1375.4779 1376.2181 1376.6881 1377.1604 1376.528 1375.5271 1374.5287 1373.2941 1371.9839 1370.6761 1369.5311 1368.4395 1367.3502 1366.7268 1366.2491 1365.774 1365.873 1366.1467 1366.4227 1367.1707 1368.0585 1368.9489 1370.2998 1371.7837 1373.2698 1374.6038 1375.8972 1377.1931 1377.8928
1359.251 1359.0607 1358.7635 1358.4196 1358.0754 1357.6897 1357.286 1356.8824 1356.6506 1356.4911 1356.3318 1356.3599 1356.465 1356.5708 1356.8192 1357.1255 1357.4325 1357.9635 1358.5825 1359.2025 1360.1393 1361.1976 1362.2572 1363.6687 1365.2122 1366.7571 1368.5653 1370.47 1372.3767 1373.8323 1375.1301 1376.4303 1376.98 1377.2733 1377.5691 1376.8069 1375.6918 1374.5792 1373.3126 1371.9977 1370.6852 1369.567 1368.5125 1367.4603 1366.9197 1366.5391 1366.1609 1366.3127 1366.6256 1366.941 1367.7706 1368.7529 1369.7374 1371.1575 1372.7034 1374.2517 1375.5009 1376.6687 1377.8391 1378.5339
1360.1863 1360.0084 1359.7545 1359.467 1359.1796 1358.8042 1358.3911 1357.978 1357.7601 1357.624 1357.4883 1357.5245 1357.6315 1357.739 1358.0028 1358.3296 1358.6572 1359.2172 1359.8683 1360.5206 1361.5131 1362.6356 1363.7598 1365.2078 1366.777 1368.3479 1370.0076 1371.7007 1373.3958 1374.5884 1375.6053 1376.6245 1376.9573 1377.0557 1377.1561 1376.3682 1375.2838 1374.2018 1372.947 1371.6373 1370.3303 1369.2322 1368.2019 1367.1741 1366.6877 1366.3705 1366.0558 1366.2338 1366.5618 1366.8923 1367.7457 1368.754 1369.7648 1371.1959 1372.7485 1374.3033 1375.5052 1376.611 1377.719 1378.3042
1361.1215 1360.9561 1360.7451 1360.5144 1360.2833 1359.9185 1359.496 1359.0735 1358.8693 1358.7568 1358.6444 1358.6888 1358.7975 1358.9067 1359.1858 1359.5332 1359.8816 1360.4703 1361.1538 1361.8384 1362.8861 1364.0732 1365.2617 1366.7461 1368.3412 1369.9381 1371.4491 1372.9305 1374.4138 1375.3438 1376.0797 1376.818 1376.9337 1376.8368 1376.7424 1375.9282 1374.8745 1373.8231 1372.58 1371.2759 1369.9741 1368.8958 1367.8899 1366.8864 1366.4542 1366.2003 1365.9487 1366.153 1366.4961 1366.8417 1367.7189 1368.7534 1369.7902 1371.2324 1372.7915 1374.353 1375.5073 1376.5508 1377.5966 1378.072
1362.0581 1361.9039 1361.7345 1361.5582 1361.382 1361.0276 1360.5967 1360.1658 1359.9757 1359.8866 1359.7977 1359.8506 1359.9618 1360.0732 1360.3683 1360.7369 1361.1062 1361.725 1362.4415 1363.1592 1364.2621 1365.5126 1366.7644 1368.2815 1369.8981 1371.5161 1372.8767 1374.1451 1375.4155 1376.0842 1376.542 1377.0021 1376.9037 1376.6149 1376.3284 1375.488 1374.4635 1373.4414 1372.2092 1370.9103 1369.6135 1368.5543 1367.5723 1366.5927 1366.2131 1366.0209 1365.8309 1366.0614 1366.4198 1366.7806 1367.6802 1368.7391 1369.8005 1371.2499 1372.8113 1374.3749 1375.48 1376.4597 1377.4418 1377.8103
1363.0649 1362.8767 1362.6818 1362.4841 1362.2864 1361.9491 1361.5521 1361.1552 1360.9895 1360.9211 1360.8528 1360.931 1361.0696 1361.2087 1361.5417 1361.9529 1362.3647 1363.0461 1363.8333 1364.6217 1365.7635 1367.0408 1368.3192 1369.7288 1371.1877 1372.6486 1373.778 1374.7886 1375.8014 1376.2767 1376.564 1376.8534 1376.6617 1376.3062 1375.9529 1375.0782 1374.0305 1372.985 1371.7429 1370.4381 1369.1356 1368.0775 1367.0986 1366.1221 1365.744 1365.5526 1365.3635 1365.6134 1365.9972 1366.3833 1367.2578 1368.2769 1369.2983 1370.6108 1372.0078 1373.4071 1374.3855 1375.2494 1376.1155 1376.4862
1364.0715 1363.8491 1363.629 1363.4097 1363.1904 1362.8705 1362.5073 1362.1442 1362.0029 1361.9551 1361.9073 1362.0111 1362.1771 1362.3435 1362.715 1363.1683 1363.6226 1364.3668 1365.2247 1366.0836 1367.2643 1368.5682 1369.8735 1371.1753 1372.4769 1373.78 1374.6785 1375.4315 1376.1865 1376.4685 1376.5851 1376.7037 1376.4188 1375.9965 1375.5764 1374.6675 1373.5963 1372.5278 1371.2754 1369.9646 1368.6564 1367.5991 1366.6235 1365.6501 1365.2732 1365.0826 1364.8943 1365.1638 1365.5728 1365.984 1366.8335 1367.8126 1368.7941 1369.9697 1371.2024 1372.4371 1373.2891 1374.0371 1374.7871 1375.16
1365.0697 1364.8154 1364.5707 1364.3302 1364.0896 1363.7877 1363.4594 1363.131 1363.0149 1362.9877 1362.9609 1363.0907 1363.2847 1363.4791 1363.889 1364.3856 1364.8828 1365.6891 1366.6166 1367.5449 1368.762 1370.0896 1371.4185 1372.6111 1373.754 1374.8986 1375.567 1376.0642 1376.5634 1376.6539 1376.6017 1376.5515 1376.1738 1375.6848 1375.1979 1374.2551 1373.1611 1372.0696 1370.8074 1369.4912 1368.1774 1367.1207 1366.1475 1365.1765 1364.7999 1364.6086 1364.42 1364.7065 1365.1381 1365.5717 1366.3947 1367.333 1368.2738 1369.3116 1370.3789 1371.4484 1372.1722 1372.8024 1373.4346 1373.8109
1365.6824 1365.4988 1365.2722 1365.0269 1364.7812 1364.5334 1364.2844 1364.0356 1363.9683 1363.9772 1363.9863 1364.1666 1364.4175 1364.6686 1365.1443 1365.71 1366.2765 1367.1145 1368.0591 1369.0046 1370.1403 1371.3491 1372.5593 1373.5632 1374.4913 1375.421 1375.9142 1376.2502 1376.5883 1376.5745 1376.4381 1376.3036 1375.8608 1375.3132 1374.7682 1373.8108 1372.7167 1371.6252 1370.3724 1369.0688 1367.7676 1366.6913 1365.6884 1364.6875 1364.2649 1364.0227 1363.783 1363.9709 1364.2894 1364.6102 1365.3501 1366.214 1367.0802 1367.9406 1368.8008 1369.6633 1370.1842 1370.6124 1371.0426 1371.4723
1366.2947 1366.1819 1365.9734 1365.7231 1365.4725 1365.2788 1365.1094 1364.9397 1364.9211 1364.9661 1365.0111 1365.2422 1365.5496 1365.8574 1366.3988 1367.0338 1367.6696 1368.5393 1369.501 1370.4636 1371.5179 1372.6082 1373.6996 1374.5146 1375.2279 1375.9429 1376.2605 1376.4355 1376.6124 1376.4944 1376.2737 1376.0551 1375.5471 1374.9412 1374.3375 1373.3654 1372.2712 1371.1797 1369.9364 1368.6453 1367.3566 1366.2609 1365.228 1364.1975 1363.7286 1363.4353 1363.1443 1363.2336 1363.4393 1363.6472 1364.3036 1365.0933 1365.8849 1366.5677 1367.2211 1367.8766 1368.1946 1368.4205 1368.6489 1369.1318
1366.8977 1366.8541 1366.6643 1366.4099 1366.1556 1366.0155 1365.9243 1365.8334 1365.8644 1365.9464 1366.0287 1366.3116 1366.6768 1367.0424 1367.6492 1368.353 1369.0575 1369.958 1370.9355 1371.9141 1372.8864 1373.8568 1374.8289 1375.4559 1375.9561 1376.4576 1376.6014 1376.6168 1376.6339 1376.4125 1376.1083 1375.8062 1375.2333 1374.5692 1373.9072 1372.921 1371.8275 1370.7365 1369.5029 1368.2245 1366.9485 1365.8328 1364.7697 1363.7087 1363.1918 1362.8448 1362.4998 1362.491 1362.5847 1362.6809 1363.2548 1363.9697 1364.6871 1365.1943 1365.6433 1366.0944 1366.213 1366.2415 1366.272 1366.8093
1366.9745 1366.9153 1366.7635 1366.5709 1366.3783 1366.2708 1366.1998 1366.1289 1366.248 1366.447 1366.6461 1367.0479 1367.5326 1368.0178 1368.6899 1369.4376 1370.1858 1371.0574 1371.9775 1372.8987 1373.7369 1374.5442 1375.3528 1375.8434 1376.2169 1376.592 1376.6499 1376.5941 1376.54 1376.2717 1375.929 1375.5881 1374.9716 1374.2614 1373.5532 1372.5867 1371.5352 1370.4861 1369.2815 1368.0281 1366.7767 1365.6246 1364.5056 1363.3888 1362.7032 1362.1527 1361.6044 1361.5151 1361.5658 1361.6185 1362.1354 1362.7894 1363.4459 1363.8969 1364.2913 1364.6876 1364.8319 1364.9081 1364.9861 1365.6354
1367.0509 1366.9761 1366.8624 1366.7316 1366.6005 1366.5255 1366.4746 1366.4238 1366.6312 1366.947 1367.2632 1367.7836 1368.3879 1368.9927 1369.7303 1370.5215 1371.3134 1372.156 1373.0189 1373.8827 1374.5868 1375.2307 1375.8761 1376.2301 1376.4772 1376.7257 1376.6978 1376.5707 1376.4456 1376.1301 1375.7489 1375.3695 1374.7086 1373.9524 1373.1982 1372.2517 1371.2422 1370.2349 1369.0593 1367.8304 1366.6039 1365.4152 1364.2401 1363.0673 1362.2133 1361.4594 1360.7076 1360.5381 1360.5453 1360.5548 1361.0146 1361.6075 1362.203 1362.598 1362.9375 1363.2794 1363.4492 1363.573 1363.6989 1364.46
1367.1165 1367.0244 1366.9492 1366.881 1366.8129 1366.7719 1366.7428 1366.7136 1367.0101 1367.443 1367.8762 1368.5156 1369.2396 1369.9641 1370.7668 1371.6013 1372.4365 1373.2496 1374.0546 1374.8605 1375.431 1375.9125 1376.3953 1376.6134 1376.7343 1376.8567 1376.7434 1376.5458 1376.3501 1375.9877 1375.568 1375.1503 1374.4463 1373.6453 1372.8464 1371.92 1370.9524 1369.9869 1368.8405 1367.6364 1366.4344 1365.2098 1363.9794 1362.7512 1361.7305 1360.7755 1359.8226 1359.573 1359.5366 1359.5024 1359.9042 1360.4348 1360.968 1361.3058 1361.5897 1361.8756 1362.0717 1362.2443 1362.4192 1363.2933
