DataConverter.Test/data/Surfaces/SurferText/Bad_NotNumber.grd
DSAA
819   316
336533.8125   377433.8125
330839.3125   346589.3125
1296.5996   1435.6842
[rows 78 to 103 of 316, columns 240 to 299 of 819]
1335.1791 1334.7382 1335.1995 1335.6719 1336.1464 1336.6023 1337.0598 1337.5165 1337.6084 1337.6886 1337.7473 1338.2889 1338.749 1339.0808 1339.5481 1339.5898 1339.2112 1338.4598 1337.8303 1337.4458 1337.266 1337.3806 1337.739 1338.5045 1339.3914 1340.369 1341.2648 1342.2172 1343.1725 1343.2108 1343.2229 1343.2278 1344.2788 1345.2935 1346.3495 1346.3851 1346.5862 1346.998 1348.2209 1349.6077 1351.1948 1353.8564 1356.6138 1359.399 1361.7546 1362.5408 1363.3311 1364.1635 1364.9886 1365.7919 1366.4354 1367.0613 1367.6429 1367.9004 1368.136 1368.3214 1368.1608 1367.9817 1367.7889 1367.6018
1333.8777 1333.4869 1334.0316 1334.5861 1335.1409 1335.5541 1335.9642 1336.3683 1336.3313 1336.2703 1336.1719 1336.7341 1337.1862 1337.4745 1337.9966 1338.0844 1337.7756 1337.2134 1336.8015 1336.7007 1336.902 1337.4407 1338.2155 1339.1243 1340.0754 1341.0367 1341.9033 1342.8142 1343.7402 1343.5677 1343.4375 1343.3755 1345.2025 1347.0475 1348.9608 1349.4939 1350.1956 1351.0588 1352.0432 1353.1544 1354.4169 1356.5873 1358.8063 1361.0271 1362.8661 1363.4395 1364.0366 1364.9841 1365.9244 1366.8431 1367.5939 1368.3298 1369.0111 1369.1996 1369.3695 1369.4941 1369.2915 1369.072 1368.8323 1368.5186
1333.2822 1333.0457 1333.5587 1334.077 1334.5917 1334.8093 1335.0157 1335.2053 1335.0581 1334.8674 1334.6154 1335.1704 1335.5818 1335.798 1336.181 1336.292 1336.196 1335.9053 1335.8032 1336.0857 1336.7467 1337.7943 1339.0475 1340.0687 1341.0118 1341.8544 1342.9373 1344.0555 1345.2231 1345.2137 1345.3114 1345.5563 1347.1257 1348.8246 1350.6365 1351.4819 1352.4835 1353.6122 1354.7439 1355.9541 1357.2489 1359.1294 1361.0087 1362.8561 1364.4158 1364.8365 1365.2976 1366.3611 1367.4182 1368.4618 1369.4324 1370.3907 1371.2831 1371.5095 1371.7205 1371.866 1371.4191 1370.9572 1370.4822 1370.0029
1332.676 1332.5879 1333.063 1333.5367 1334.0005 1334.0093 1333.995 1333.9496 1333.6674 1333.3185 1332.8818 1333.4008 1333.752 1333.9006 1334.3033 1334.4962 1334.5635 1334.5944 1334.8453 1335.546 1336.7681 1338.4122 1340.2013 1341.371 1342.3196 1343.0277 1344.3123 1345.5634 1346.8478 1346.9136 1347.1804 1347.7021 1349.0427 1350.6122 1352.3517 1353.5236 1354.8234 1356.202 1357.4553 1358.7308 1360.019 1361.5681 1363.0676 1364.5051 1365.9502 1366.2179 1366.5432 1367.7238 1368.8988 1370.0686 1371.2601 1372.4412 1373.5449 1373.8092 1374.0603 1374.2257 1373.5332 1372.8274 1372.1162 1371.4707
1332.0927 1332.1489 1332.6046 1333.0509 1333.4794 1333.2902 1333.0638 1332.7898 1332.3702 1331.8616 1331.2434 1331.7017 1331.9877 1332.0909 1332.5447 1332.8607 1333.1268 1333.5042 1334.1179 1335.0522 1336.729 1339.1128 1341.3597 1342.7219 1343.7318 1344.3567 1345.7568 1347.0275 1348.2778 1348.3011 1348.6486 1349.3964 1350.6177 1352.1613 1353.9209 1355.4124 1356.9943 1358.6006 1359.9614 1361.2844 1362.5487 1363.7804 1364.9171 1365.9659 1367.2327 1367.6342 1367.8583 1369.1775 1370.4922 1371.8059 1373.1803 1374.5461 1375.8214 1376.0729 1376.3134 1376.4534 1375.5422 1374.6195 1373.6965 1372.8832
1331.6908 1331.8943 1332.4663 1333.0212 1333.5491 1333.281 1332.9612 1332.5774 1332.0968 1331.5105 1330.8019 1331.0927 1331.2271 1331.2173 1331.5743 1331.8682 1332.1873 1332.7096 1333.5361 1334.6282 1336.3579 1338.7731 1341.0579 1342.8029 1344.1139 1344.8328 1345.9325 1346.8331 1347.6987 1347.2832 1347.1985 1347.8125 1349.6385 1351.7198 1354.0226 1355.8469 1357.7239 1359.5743 1361.1381 1362.6047 1363.9524 1365.147 1366.2068 1367.1506 1368.2987 1369.3083 1369.6223 1371.1969 1372.7682 1374.3196 1375.6599 1376.9937 1378.2189 1378.1758 1378.1234 1377.9901 1377.0161 1376.0316 1375.0388 1374.054
1331.2751 1331.621 1332.3035 1332.9603 1333.5804 1333.2269 1332.8079 1332.3113 1331.7721 1331.119 1330.3436 1330.5057 1330.5432 1330.4861 1330.8156 1331.1539 1331.5889 1332.3112 1333.3689 1334.8647 1336.5729 1338.6289 1340.8124 1342.8433 1344.5059 1345.3977 1346.144 1346.8282 1347.468 1346.7393 1346.4397 1346.944 1349.2061 1351.7561 1354.5233 1356.6035 1358.7023 1360.7273 1362.4281 1363.9758 1365.3486 1366.4529 1367.3894 1368.1903 1369.1885 1370.0615 1370.9254 1373.1267 1375.037 1376.8268 1378.134 1379.436 1380.6113 1380.2737 1379.9283 1379.5215 1378.4834 1377.4366 1376.373 1375.2157
1330.9429 1331.4381 1332.2194 1332.9664 1333.6674 1333.2476 1332.7518 1332.1699 1331.5824 1330.8827 1330.0725 1330.1299 1330.1029 1330.0339 1330.3668 1330.7716 1331.3281 1332.2356 1333.4613 1335.0433 1336.6788 1338.5651 1340.5349 1342.609 1344.4022 1345.4742 1346.1779 1346.8223 1347.4231 1346.6697 1346.4078 1346.8715 1349.2775 1352.1022 1355.1451 1357.3833 1359.6095 1361.7218 1363.5226 1365.1188 1366.489 1367.4806 1368.2795 1368.9312 1369.7577 1370.4796 1371.2302 1373.4314 1375.6066 1377.7191 1379.1217 1380.531 1381.8158 1381.4496 1381.0778 1380.646 1379.5671 1378.4744 1377.3588 1376.0713
1331.1576 1331.8646 1332.6998 1333.4919 1334.23 1333.8745 1333.4369 1332.9099 1332.2864 1331.5608 1330.7439 1330.6208 1330.4554 1330.2968 1330.542 1330.905 1331.4512 1332.4373 1333.6985 1335.2351 1336.8254 1338.5706 1340.3318 1342.079 1343.4816 1344.4696 1345.3413 1346.0143 1346.6687 1346.3845 1346.5439 1347.2738 1349.2731 1351.6814 1354.3207 1356.5619 1358.7611 1360.822 1362.8536 1364.6323 1366.1379 1367.1553 1367.9641 1368.6165 1369.288 1369.8868 1370.5245 1372.1931 1373.8854 1375.5627 1376.5734 1377.6262 1378.6136 1378.3746 1378.1427 1377.8611 1377.0801 1376.2627 1375.3906 1374.3582
1331.3625 1332.2802 1333.1687 1334.0068 1334.7852 1334.5002 1334.1317 1333.6763 1333.0398 1332.3175 1331.5275 1331.2593 1330.9868 1330.7605 1330.9254 1331.2341 1331.7335 1332.7415 1333.9729 1335.408 1336.913 1338.4973 1340.0529 1341.5114 1342.724 1343.6641 1344.5828 1345.3724 1346.1774 1346.4308 1347.0483 1348.106 1349.7218 1351.692 1353.8801 1356.0658 1358.1749 1360.12 1362.3173 1364.2129 1365.7908 1366.7765 1367.548 1368.1667 1368.6641 1369.1354 1369.6666 1370.8171 1372.0444 1373.3047 1373.9392 1374.6473 1375.3461 1375.2412 1375.156 1375.0286 1374.3835 1373.7083 1372.9871 1372.1649
1331.7375 1332.8191 1333.6892 1334.5028 1335.2537 1335.0255 1334.7168 1334.3291 1333.7031 1333.0114 1332.2766 1331.9099 1331.5702 1331.3043 1331.4023 1331.6517 1332.0825 1333.0817 1334.2551 1335.5736 1336.9889 1338.4371 1339.8423 1341.0879 1342.1782 1343.1094 1344.0747 1344.9891 1345.953 1346.682 1347.6978 1349.0364 1350.3058 1351.8523 1353.5787 1355.6292 1357.5608 1359.295 1361.5248 1363.4014 1364.92 1365.8451 1366.5613 1367.1453 1367.5089 1367.9072 1368.3989 1369.109 1369.9523 1370.8733 1371.1855 1371.5973 1372.0471 1372.0742 1372.1301 1372.1497 1371.6416 1371.108 1370.5359 1369.9174
1333.1625 1334.1311 1334.5454 1334.8979 1335.1876 1334.8871 1334.5142 1334.073 1333.4788 1332.8389 1332.1794 1331.8584 1331.5862 1331.4034 1331.5525 1331.8467 1332.3041 1333.3948 1334.6182 1335.9426 1337.3486 1338.7679 1340.1526 1341.3287 1342.4255 1343.4481 1344.371 1345.3068 1346.3103 1347.0096 1347.9304 1349.0885 1350.093 1351.2921 1352.6073 1354.2347 1355.6947 1356.9077 1358.656 1359.9923 1360.9614 1361.9242 1362.6946 1363.3787 1363.9102 1364.5497 1365.3268 1365.948 1366.7587 1367.6794 1367.8838 1368.207 1368.5922 1368.701 1368.8442 1368.9592 1368.5984 1368.2145 1367.7976 1367.3613
1334.5909 1335.4508 1335.4153 1335.3152 1335.1549 1334.7957 1334.3749 1333.8987 1333.3546 1332.7843 1332.2139 1331.9452 1331.7383 1331.6257 1331.8022 1332.11 1332.5592 1333.7098 1334.9614 1336.2864 1337.6976 1339.1217 1340.531 1341.6815 1342.8145 1343.9354 1344.7982 1345.7186 1346.7192 1347.3524 1348.1544 1349.1207 1349.8583 1350.7115 1351.6145 1352.8152 1353.7987 1354.4856 1355.7424 1356.5178 1356.9143 1357.9 1358.7219 1359.5145 1360.2325 1361.1405 1362.2352 1362.8002 1363.6069 1364.5493 1364.6598 1364.9022 1365.2246 1365.4135 1365.6393 1365.8431 1365.6213 1365.3785 1365.1069 1364.8436
1335.7656 1336.4799 1336.0604 1335.5764 1335.037 1334.6262 1334.1658 1333.6631 1333.1931 1332.7129 1332.2469 1332.0443 1331.9082 1331.8635 1332.0658 1332.3817 1332.8176 1334.0114 1335.2842 1336.6162 1338.0533 1339.5145 1340.985 1342.1489 1343.3431 1344.569 1345.3738 1346.2648 1347.2402 1347.7722 1348.4303 1349.1913 1349.6449 1350.142 1350.6254 1351.4095 1351.9304 1352.1156 1352.8895 1353.0938 1352.9115 1353.8152 1354.5898 1355.3992 1356.2808 1357.4364 1358.838 1359.4906 1360.428 1361.514 1361.6073 1361.8397 1362.1597 1362.3977 1362.6741 1362.9355 1362.8436 1362.7327 1362.5957 1362.4827
1335.3331 1335.6458 1335.2097 1334.717 1334.1749 1333.6844 1333.1544 1332.5944 1332.2659 1331.9391 1331.6361 1331.5795 1331.5879 1331.6802 1332.0203 1332.4554 1332.9906 1334.2373 1335.5499 1336.9172 1338.4178 1339.9585 1341.5331 1342.7946 1344.1222 1345.5121 1346.4082 1347.406 1348.4827 1348.9399 1349.4873 1350.0829 1350.2172 1350.3302 1350.3744 1350.8346 1350.9861 1350.8339 1351.0703 1350.6432 1349.848 1349.9523 1349.9546 1350.0696 1350.8035 1351.8939 1353.3503 1354.8076 1356.5787 1358.4843 1358.9989 1359.6564 1360.3633 1360.4951 1360.6659 1360.8411 1360.8755 1360.8927 1360.8805 1360.8328
1334.9193 1334.8375 1334.3937 1333.9023 1333.3683 1332.8092 1332.2197 1331.6104 1331.4281 1331.2557 1331.1113 1331.1914 1331.3309 1331.5431 1332.0032 1332.5413 1333.1626 1334.4547 1335.8062 1337.2141 1338.7878 1340.4181 1342.1039 1343.4629 1344.9128 1346.4435 1347.3958 1348.4557 1349.5837 1349.9159 1350.3079 1350.7015 1350.4886 1350.1968 1349.7858 1349.9083 1349.6748 1349.1014 1348.8276 1347.8983 1346.6168 1346.0305 1345.355 1344.8469 1345.4822 1346.5621 1348.1057 1350.3754 1352.9728 1355.6836 1356.6019 1357.6663 1358.7422 1358.7504 1358.7993 1358.8728 1359.0189 1359.1509 1359.2509 1359.2559
1334.5314 1334.1149 1333.6683 1333.1835 1332.6633 1332.0416 1331.3972 1330.7413 1330.7067 1330.6855 1330.6925 1330.9015 1331.1611 1331.4811 1332.0289 1332.6401 1333.3218 1334.6719 1336.0787 1337.5466 1339.1952 1340.9158 1342.7087 1344.1509 1345.6998 1347.3394 1348.3214 1349.4103 1350.5529 1350.7253 1350.9304 1351.0964 1350.5079 1349.79 1348.9105 1348.7098 1348.1135 1347.0765 1346.3572 1345.1042 1343.4557 1342.3138 1341.0928 1340.0706 1340.7393 1341.7891 1343.3013 1346.278 1349.5881 1352.9965 1354.3367 1355.8267 1357.2925 1357.2069 1357.1656 1357.1655 1357.3907 1357.6057 1357.7881 1357.8259
1334.1908 1333.7798 1333.3182 1332.8243 1332.3021 1331.6085 1330.8986 1330.182 1330.2931 1330.4178 1330.5675 1330.9142 1331.3014 1331.7346 1332.2482 1332.8121 1333.4403 1334.9535 1336.524 1338.1583 1339.869 1341.6648 1343.5444 1345.019 1346.6101 1348.2971 1349.3346 1350.4736 1351.6499 1351.6906 1351.7401 1351.7131 1350.7185 1349.554 1348.2017 1347.8269 1347.0353 1345.801 1344.8008 1343.3245 1341.4946 1339.9971 1338.4418 1337.1083 1337.5391 1338.3334 1339.6031 1342.6732 1346.0809 1349.63 1351.6373 1353.8 1355.9092 1356.0303 1356.2014 1356.3981 1356.5757 1356.7488 1356.8949 1356.9053
1333.8763 1333.4769 1333.0067 1332.5101 1331.9908 1331.2296 1330.4562 1329.6787 1329.9324 1330.197 1330.4806 1330.9547 1331.4579 1331.9932 1332.4618 1332.9703 1333.5391 1335.2109 1336.941 1338.7373 1340.5045 1342.3656 1344.3187 1345.8071 1347.4166 1349.1228 1350.1832 1351.3376 1352.5116 1352.3855 1352.2477 1352.0018 1350.5836 1348.9667 1347.1504 1346.6276 1345.6851 1344.3151 1343.103 1341.4731 1339.5372 1337.7703 1335.9727 1334.4071 1334.5909 1335.1592 1336.2556 1339.4022 1342.8834 1346.5461 1349.1938 1352.0039 1354.7328 1355.0388 1355.403 1355.7787 1355.8931 1356.0094 1356.1057 1356.0763
1333.7773 1333.3798 1332.891 1332.3807 1331.8533 1331.0581 1330.2531 1329.4449 1329.8088 1330.1792 1330.5605 1331.123 1331.703 1332.302 1332.7538 1333.2357 1333.774 1335.5978 1337.4803 1339.4302 1341.2261 1343.1222 1345.1141 1346.5927 1348.1931 1349.8878 1350.9418 1352.0806 1353.2227 1352.934 1352.6167 1352.1663 1350.351 1348.3212 1346.0927 1345.4015 1344.3031 1342.8041 1341.4519 1339.7404 1337.7693 1335.7994 1333.8203 1332.0686 1332.1213 1332.4976 1333.368 1336.5431 1340.036 1343.7451 1346.9718 1350.3672 1353.6591 1354.1506 1354.7094 1355.2673 1355.3241 1355.3912 1355.4463 1355.3834
1334.9603 1334.4698 1333.8668 1333.2468 1332.6135 1331.9949 1331.3691 1330.7393 1331.0221 1331.3048 1331.59 1332.0367 1332.4889 1332.9517 1333.6194 1334.3082 1335.0464 1337.0068 1339.0258 1341.1089 1342.803 1344.6005 1346.4972 1347.9221 1349.4675 1351.1041 1352.1241 1353.2197 1354.3116 1354.0594 1353.7661 1353.3217 1351.3446 1349.1499 1346.7452 1345.5402 1343.9529 1342.016 1340.6283 1338.9379 1337.0267 1334.9187 1332.8126 1330.9218 1330.8878 1331.1211 1331.7889 1334.6794 1337.8596 1341.2861 1344.8121 1348.5106 1352.1119 1352.9044 1353.7737 1354.6316 1354.7585 1354.905 1355.0465 1355.0625
1336.1663 1335.5854 1334.8701 1334.1414 1333.4022 1332.9592 1332.5104 1332.0549 1332.2517 1332.4415 1332.6243 1332.9491 1333.2672 1333.5879 1334.4652 1335.3549 1336.2865 1338.377 1340.5239 1342.73 1344.3094 1345.9928 1347.7755 1349.1266 1350.5946 1352.1497 1353.113 1354.144 1355.1659 1354.9341 1354.6534 1354.2102 1352.0757 1349.7305 1347.1753 1345.5658 1343.535 1341.1454 1339.7753 1338.1531 1336.3389 1334.1174 1331.9008 1329.8834 1329.7782 1329.8876 1330.3744 1332.9988 1335.8778 1339.0253 1342.8475 1346.8419 1350.7421 1351.8235 1352.9911 1354.1365 1354.3215 1354.5359 1354.7533 1354.838
1337.676 1337.0302 1336.2174 1335.3943 1334.5626 1334.2622 1333.9558 1333.6398 1333.7621 1333.8702 1333.962 1334.2036 1334.4263 1334.6421 1335.6533 1336.6678 1337.7172 1339.8785 1342.0934 1344.3613 1345.8124 1347.3645 1349.0145 1350.2762 1351.6505 1353.1073 1353.9824 1354.9194 1355.8447 1355.6046 1355.3136 1354.8588 1352.6488 1350.2435 1347.6333 1345.6067 1343.2006 1340.4969 1339.1207 1337.532 1335.7728 1333.4902 1331.2075 1329.1051 1328.9329 1328.9281 1329.2465 1331.6031 1334.1764 1337.0291 1341.0425 1345.2219 1349.317 1350.7129 1352.2025 1353.6586 1353.9235 1354.2275 1354.5405 1354.6918
1341.162 1340.6128 1339.8027 1338.983 1338.1559 1337.7837 1337.4027 1337.0082 1337.165 1337.3 1337.411 1337.8679 1338.2944 1338.6963 1339.3514 1340.001 1340.6798 1342.5465 1344.4628 1346.431 1347.7299 1349.1249 1350.6146 1351.7977 1353.088 1354.4531 1355.1401 1355.8857 1356.6201 1356.2399 1355.812 1355.2506 1353.4838 1351.5422 1349.3927 1347.0989 1344.5455 1341.7968 1339.9489 1337.9205 1335.7751 1333.7007 1331.6167 1329.6754 1329.4133 1329.276 1329.4053 1331.3688 1333.5114 1335.8986 1339.3523 1342.9613 1346.5646 1348.4955 1350.5255 1352.5088 1353.0627 1353.6648 1354.2671 1354.5199
1344.6613 1344.2081 1343.3993 1342.5813 1341.7556 1341.3074 1340.8468 1340.3679 1340.5527 1340.7081 1340.8315 1341.4985 1342.1234 1342.7068 1343.0017 1343.283 1343.5885 1345.1582 1346.7725 1348.436 1349.5757 1350.8044 1352.1224 1353.2131 1354.4044 1355.6627 1356.1486 1356.6929 1357.2307 1356.7103 1356.1523 1355.4971 1354.1917 1352.7371 1351.0747 1348.6161 1345.9438 1343.1011 1340.799 1338.3423 1335.8152 1333.9474 1332.0571 1330.2723 1329.9187 1329.652 1329.6011 1331.184 1332.9108 1334.8473 1337.7539 1340.8016 1343.9185 1346.3868 1348.9573 1351.4653 1352.3044 1353.2008 1354.0874 1354.4364
1347.9956 1347.6311 1346.8335 1346.0265 1345.2112 1344.697 1344.1663 1343.6113 1343.8032 1343.9579 1344.0723 1344.8771 1345.6404 1346.337 1346.3115 1346.2773 1346.2635 1347.5574 1348.8903 1350.2694 1351.2725 1352.3547 1353.5168 1354.4843 1355.5438 1356.6632 1356.9313 1357.2615 1357.595 1356.9332 1356.2506 1355.511 1354.6265 1353.6222 1352.4167 1349.8665 1347.1436 1344.2694 1341.6019 1338.7999 1335.9642 1334.3019 1332.6027 1330.9724 1330.5261 1330.1334 1329.9117 1331.1476 1332.4948 1334.0181 1336.4064 1338.9198 1341.5665 1344.4788 1347.4937 1350.4366 1351.566 1352.7594 1353.9337 1354.3811
