DataConverter.Test/data/Surfaces/SurferText/Bad_NotNumber.grd
DSAA
819   316
336533.8125   377433.8125
330839.3125   346589.3125
1296.5996   1435.6842
[rows 260 to 285 of 316, columns 600 to 659 of 819]
1357.2139 1356.8711 1356.5886 1356.3063 1356.1901 1356.1907 1356.1918 1356.3767 1356.689 1357.0011 1357.6052 1358.4067 1359.2084 1359.6711 1359.9093 1360.1475 1359.9055 1359.3516 1358.7979 1358.3407 1357.9451 1357.5497 1357.2078 1356.8992 1356.5907 1356.4158 1356.3225 1356.2291 1356.1277 1356.0215 1355.9152 1355.7385 1355.5209 1355.3032 1355.1757 1355.0997 1355.024 1355.137 1355.356 1355.5751 1355.8575 1356.1748 1356.4922 1357.1351 1357.9529 1358.7709 1359.6768 1360.6287 1361.5807 1362.4083 1363.1718 1363.9352 1364.4722 1364.895 1365.3181 1365.45 1365.4388 1365.4275 1365.199 1364.8655
1357.7859 1357.4504 1357.1647 1356.8792 1356.7579 1356.7528 1356.7476 1356.9655 1357.3373 1357.7092 1358.3656 1359.2144 1360.0634 1360.5255 1360.7312 1360.9369 1360.5029 1359.6536 1358.8042 1358.1877 1357.7195 1357.2513 1356.9141 1356.6583 1356.403 1356.2642 1356.1965 1356.129 1356.0745 1356.0276 1355.9808 1355.8978 1355.7936 1355.6896 1355.6584 1355.6689 1355.6794 1355.7867 1355.9482 1356.1099 1356.3748 1356.6965 1357.0184 1357.6702 1358.499 1359.3282 1360.2413 1361.199 1362.1562 1363.0046 1363.7969 1364.5892 1365.1603 1365.6201 1366.08 1366.2177 1366.1965 1366.1757 1365.9501 1365.6261
1358.3579 1358.0297 1357.7407 1357.4521 1357.326 1357.3149 1357.3036 1357.5542 1357.9858 1358.4172 1359.126 1360.0221 1360.9183 1361.3799 1361.553 1361.7263 1361.1003 1359.9553 1358.8105 1358.0347 1357.4938 1356.9529 1356.6204 1356.4177 1356.2151 1356.1123 1356.0707 1356.0291 1356.0212 1356.0337 1356.0464 1356.0568 1356.0664 1356.0759 1356.141 1356.2382 1356.3353 1356.4368 1356.5406 1356.6445 1356.8921 1357.2184 1357.5447 1358.2053 1359.0454 1359.8856 1360.8062 1361.769 1362.7319 1363.6011 1364.422 1365.2429 1365.8483 1366.345 1366.8419 1366.9851 1366.9542 1366.9233 1366.7009 1366.3867
1358.814 1358.5466 1358.3458 1358.1451 1358.0653 1358.0704 1358.0757 1358.3146 1358.7147 1359.1151 1359.7214 1360.4672 1361.2129 1361.5352 1361.5762 1361.6176 1360.9182 1359.7379 1358.5575 1357.7726 1357.2393 1356.7059 1356.4282 1356.3097 1356.1912 1356.1902 1356.2609 1356.3315 1356.4716 1356.653 1356.8344 1356.9836 1357.1143 1357.2449 1357.3496 1357.4396 1357.5297 1357.5942 1357.6443 1357.6946 1357.9072 1358.2092 1358.5114 1359.1071 1359.8604 1360.6138 1361.491 1362.433 1363.3751 1364.2472 1365.0831 1365.9191 1366.5833 1367.1608 1367.7384 1367.891 1367.8346 1367.7783 1367.5151 1367.1525
1359.2568 1359.0565 1358.9541 1358.8521 1358.8239 1358.8479 1358.8722 1359.0941 1359.4529 1359.8116 1360.2982 1360.8711 1361.444 1361.611 1361.5089 1361.407 1360.6477 1359.4613 1358.2753 1357.4982 1356.9814 1356.4648 1356.2474 1356.2167 1356.1859 1356.2939 1356.4871 1356.6799 1356.979 1357.3417 1357.7045 1357.9976 1358.2499 1358.5026 1358.6405 1358.7129 1358.7854 1358.8093 1358.806 1358.8029 1358.979 1359.2535 1359.528 1360.0504 1360.7058 1361.3613 1362.1893 1363.1075 1364.0259 1364.8988 1365.7484 1366.5977 1367.3234 1367.9866 1368.65 1368.8126 1368.7289 1368.6449 1368.3362 1367.9191
1359.6998 1359.5664 1359.5625 1359.5588 1359.5826 1359.6256 1359.6687 1359.8738 1360.1909 1360.5083 1360.8748 1361.2749 1361.675 1361.687 1361.4417 1361.1965 1360.3772 1359.1849 1357.9928 1357.2238 1356.7236 1356.2238 1356.0669 1356.1237 1356.1808 1356.3979 1356.7133 1357.0283 1357.4867 1358.0306 1358.5746 1359.0114 1359.3859 1359.7604 1359.9315 1359.9863 1360.0411 1360.0247 1359.9679 1359.9113 1360.0507 1360.2977 1360.5447 1360.9937 1361.5513 1362.1089 1362.8876 1363.7821 1364.6766 1365.5504 1366.4133 1367.2761 1368.0634 1368.8125 1369.5615 1369.734 1369.6229 1369.5117 1369.1571 1368.6852
1360.3678 1360.2589 1360.2665 1360.2742 1360.2798 1360.2843 1360.2886 1360.4391 1360.6904 1360.9418 1361.196 1361.4525 1361.7091 1361.6373 1361.3479 1361.0586 1360.3066 1359.2545 1358.2025 1357.5302 1357.0999 1356.6697 1356.5964 1356.7456 1356.8951 1357.2264 1357.6688 1358.111 1358.7031 1359.3844 1360.0659 1360.6167 1361.0908 1361.5649 1361.6693 1361.5616 1361.454 1361.3357 1361.2114 1361.0872 1361.1523 1361.3217 1361.4907 1361.8604 1362.3375 1362.8147 1363.5033 1364.3032 1365.1029 1365.88 1366.6453 1367.4103 1368.1244 1368.8129 1369.5015 1369.6482 1369.5286 1369.4088 1369.0997 1368.6995
1361.0625 1360.973 1360.9816 1360.9902 1360.9698 1360.9285 1360.8876 1360.9788 1361.1614 1361.3441 1361.4873 1361.6035 1361.72 1361.5729 1361.251 1360.9293 1360.2601 1359.3651 1358.4703 1357.9058 1357.5514 1357.1971 1357.2102 1357.4525 1357.6949 1358.1407 1358.7108 1359.281 1360.0037 1360.8174 1361.6312 1362.2921 1362.8634 1363.4348 1363.4602 1363.1729 1362.8855 1362.6582 1362.4647 1362.271 1362.2574 1362.343 1362.4283 1362.7178 1363.1167 1363.5155 1364.1095 1364.806 1365.5024 1366.1711 1366.8253 1367.4796 1368.1049 1368.7153 1369.3259 1369.4427 1369.3168 1369.1908 1368.9382 1368.6245
1361.7572 1361.6871 1361.6968 1361.7064 1361.6597 1361.573 1361.4863 1361.5186 1361.6324 1361.7462 1361.7782 1361.7544 1361.7307 1361.5083 1361.1541 1360.7999 1360.2134 1359.4757 1358.7383 1358.2814 1358.0029 1357.7246 1357.8241 1358.1593 1358.4949 1359.0553 1359.7532 1360.4512 1361.3043 1362.2504 1363.1964 1363.9675 1364.6362 1365.3047 1365.2515 1364.7844 1364.3171 1363.9808 1363.718 1363.4548 1363.3628 1363.3645 1363.3661 1363.5752 1363.8959 1364.2163 1364.7156 1365.309 1365.9021 1366.4624 1367.0057 1367.5491 1368.0852 1368.6177 1369.1503 1369.2373 1369.105 1368.9728 1368.7765 1368.5496
1362.1664 1362.1177 1362.1632 1362.2089 1362.1785 1362.0945 1362.0107 1362.0072 1362.0594 1362.1116 1362.1024 1362.0515 1362.0006 1361.7882 1361.4685 1361.1489 1360.6578 1360.0557 1359.4536 1359.0958 1358.8932 1358.6909 1358.848 1359.2294 1359.6108 1360.2041 1360.9268 1361.6494 1362.5084 1363.4487 1364.3893 1365.1224 1365.7346 1366.3464 1366.2065 1365.6355 1365.0645 1364.658 1364.3436 1364.0293 1363.8884 1363.8429 1363.7972 1363.9603 1364.2358 1364.5109 1364.932 1365.4294 1365.9266 1366.3688 1366.7825 1367.1963 1367.5776 1367.9426 1368.3076 1368.368 1368.2788 1368.1897 1368.1024 1368.0164
1362.54 1362.5131 1362.5989 1362.6847 1362.6761 1362.6007 1362.5255 1362.4896 1362.481 1362.4724 1362.4308 1362.3667 1362.3026 1362.1106 1361.8337 1361.557 1361.1635 1360.6937 1360.2244 1359.9646 1359.8381 1359.7117 1359.9227 1360.3442 1360.766 1361.3821 1362.1168 1362.8517 1363.7007 1364.6183 1365.5358 1366.213 1366.7495 1367.2856 1367.0581 1366.3925 1365.7268 1365.2549 1364.8916 1364.528 1364.3423 1364.2539 1364.1654 1364.287 1364.5212 1364.7552 1365.0997 1365.5023 1365.9048 1366.2275 1366.5095 1366.7913 1367.0095 1367.1958 1367.3823 1367.4167 1367.3765 1367.3363 1367.3647 1367.4265
1362.9139 1362.9086 1363.0345 1363.1605 1363.1737 1363.1069 1363.0404 1362.972 1362.9027 1362.8334 1362.7592 1362.6819 1362.6046 1362.4331 1362.1991 1361.9652 1361.6688 1361.332 1360.9954 1360.8335 1360.7828 1360.7324 1360.9976 1361.4594 1361.9214 1362.5601 1363.307 1364.054 1364.8932 1365.7878 1366.6826 1367.3037 1367.7644 1368.2251 1367.9098 1367.1495 1366.3894 1365.8521 1365.4395 1365.0269 1364.796 1364.665 1364.5337 1364.6135 1364.8065 1364.9994 1365.2677 1365.5753 1365.8828 1366.0863 1366.2362 1366.3861 1366.4414 1366.449 1366.4568 1366.4653 1366.4742 1366.483 1366.6272 1366.8365
1363.3439 1363.2809 1363.3237 1363.3667 1363.3435 1363.2739 1363.2045 1363.1448 1363.092 1363.0394 1362.9773 1362.9086 1362.8402 1362.7117 1362.5433 1362.3751 1362.1683 1361.9365 1361.7048 1361.6304 1361.6559 1361.6816 1361.9769 1362.4404 1362.9039 1363.5164 1364.2195 1364.9227 1365.6637 1366.4271 1367.1908 1367.6809 1368.0111 1368.3413 1368.0472 1367.3954 1366.7433 1366.2371 1365.8124 1365.3876 1365.1372 1364.9827 1364.828 1364.8313 1364.9196 1365.0077 1365.1974 1365.4403 1365.6832 1365.8663 1366.0188 1366.1711 1366.2257 1366.2311 1366.2366 1366.229 1366.2151 1366.2013 1366.3922 1366.6815
1363.7815 1363.6505 1363.5944 1363.5381 1363.4713 1363.3972 1363.3234 1363.2776 1363.2515 1363.2256 1363.1812 1363.124 1363.0671 1362.9845 1362.8846 1362.7853 1362.667 1362.5367 1362.4066 1362.4181 1362.5197 1362.6215 1362.9441 1363.4042 1363.8644 1364.4438 1365.0962 1365.7487 1366.3798 1366.9979 1367.6163 1367.9661 1368.1587 1368.3511 1368.0924 1367.5751 1367.0574 1366.5946 1366.1626 1365.7303 1365.4639 1365.2885 1365.1125 1365.0352 1365.0104 1364.9852 1365.0963 1365.2784 1365.4604 1365.6361 1365.8085 1365.9807 1366.0557 1366.0815 1366.1073 1366.0852 1366.0393 1365.9934 1366.2222 1366.5829
1364.2203 1364.0216 1363.8657 1363.7101 1363.5996 1363.5209 1363.4425 1363.4106 1363.4113 1363.4121 1363.3853 1363.3396 1363.2943 1363.2573 1363.2263 1363.1954 1363.1658 1363.1368 1363.1083 1363.2058 1363.3835 1363.5618 1363.9114 1364.368 1364.825 1365.3717 1365.9731 1366.5746 1367.0957 1367.5688 1368.042 1368.2513 1368.3062 1368.361 1368.1376 1367.7548 1367.3716 1366.9524 1366.5129 1366.0731 1365.7905 1365.594 1365.3972 1365.2389 1365.1011 1364.9629 1364.995 1365.1165 1365.2377 1365.4058 1365.5981 1365.7903 1365.8855 1365.9318 1365.9781 1365.9413 1365.8634 1365.7855 1366.0521 1366.4843
1364.6927 1364.4855 1364.3187 1364.1521 1364.0297 1363.9381 1363.8466 1363.8096 1363.8103 1363.8114 1363.7859 1363.7426 1363.6993 1363.7063 1363.7462 1363.7867 1363.8173 1363.8419 1363.8666 1364.0016 1364.207 1364.4128 1364.7563 1365.1855 1365.615 1366.1083 1366.6405 1367.1725 1367.6156 1368.0054 1368.3951 1368.5354 1368.5295 1368.5236 1368.3224 1368.009 1367.6954 1367.2948 1366.845 1366.3949 1366.0885 1365.8612 1365.6333 1365.4392 1365.2628 1365.0863 1365.0513 1365.0905 1365.1295 1365.233 1365.3696 1365.5061 1365.6 1365.6725 1365.745 1365.7427 1365.7037 1365.6647 1365.8993 1366.2659
1.79769E+308 1.79769E+308 1.79769E+308 1364.63 1364.5001 1364.3949 1364.2897 1364.2452 1364.2424 1364.2402 1364.2139 1364.1711 1364.1287 1364.1788 1364.2905 1364.4027 1364.4899 1364.5612 1364.6327 1364.7988 1365.0253 1365.2521 1365.5848 1365.9835 1366.3824 1366.8195 1367.2795 1367.7397 1368.109 1368.424 1368.7386 1368.8196 1368.7633 1368.7069 1368.5259 1368.2734 1368.0208 1367.635 1367.1747 1366.7137 1366.3828 1366.123 1365.8629 1365.639 1365.4343 1365.2291 1365.1285 1365.0828 1365.0367 1365.068 1365.1385 1365.2092 1365.299 1365.3983 1365.4977 1365.5366 1365.5459 1365.5554 1365.749 1366.0314
1.79769E+308 1.79769E+308 1.79769E+308 1.79769E+308 1.79769E+308 1.79769E+308 1.79769E+308 1364.6802 1364.6747 1364.6698 1364.6425 1364.6007 1364.559 1364.6525 1364.8356 1365.019 1365.1627 1365.2806 1365.3992 1365.5963 1365.8439 1366.0918 1366.4137 1366.7817 1367.15 1367.5306 1367.9188 1368.3069 1368.6025 1368.8425 1369.0823 1369.1036 1368.9971 1368.8904 1368.7296 1368.5381 1368.3461 1367.9752 1367.5042 1367.0326 1366.677 1366.3849 1366.0924 1365.8387 1365.6056 1365.3721 1365.2058 1365.0751 1364.944 1364.9027 1364.9075 1364.9124 1364.9978 1365.1241 1365.2505 1365.3307 1365.3883 1365.446 1365.5986 1365.7968
1.79769E+308 1.79769E+308 1.79769E+308 1.79769E+308 1.79769E+308 1.79769E+308 1.79769E+308 1.79769E+308 1.79769E+308 1.79769E+308 1365.3035 1365.3015 1365.2994 1365.405 1365.5822 1365.7594 1365.9125 1366.05 1366.1879 1366.3889 1366.6302 1366.8723 1367.1663 1367.4927 1367.8192 1368.1466 1368.4744 1368.8021 1369.0156 1369.1608 1369.3057 1369.3076 1369.2258 1369.1436 1369.0209 1368.8744 1368.7277 1368.4153 1368.01 1367.6044 1367.2408 1366.9005 1366.5597 1366.2782 1366.0286 1365.7786 1365.5725 1365.3895 1365.2063 1365.1041 1365.0433 1364.9825 1365.0208 1365.1083 1365.1962 1365.241 1365.265 1365.2891 1365.4235 1365.6112
1.79769E+308 1.79769E+308 1.79769E+308 1.79769E+308 1.79769E+308 1.79769E+308 1.79769E+308 1.79769E+308 1.79769E+308 1.79769E+308 1.79769E+308 1.79769E+308 1.79769E+308 1.79769E+308 1366.3564 1366.517 1366.673 1366.8264 1366.98 1367.1809 1367.4127 1367.645 1367.9086 1368.1917 1368.475 1368.7494 1369.0184 1369.2872 1369.4176 1369.4651 1369.5123 1369.5005 1369.454 1369.407 1369.3243 1369.2209 1369.1171 1368.8691 1368.5405 1368.2115 1367.8425 1367.4517 1367.0602 1366.7515 1366.4869 1366.2222 1365.9797 1365.7491 1365.5183 1365.3568 1365.2307 1365.1045 1365.0887 1365.1287 1365.1687 1365.1677 1365.1465 1365.1254 1365.2448 1365.4321
1.79769E+308 1.79769E+308 1.79769E+308 1.79769E+308 1.79769E+308 1.79769E+308 1.79769E+308 1.79769E+308 1.79769E+308 1.79769E+308 1.79769E+308 1.79769E+308 1.79769E+308 1.79769E+308 1.79769E+308 1.79769E+308 1.79769E+308 1.79769E+308 1367.7719 1367.9729 1368.1948 1368.4177 1368.6509 1368.8906 1369.1307 1369.3525 1369.5627 1369.7727 1369.8196 1369.7694 1369.7189 1369.6931 1369.6819 1369.6703 1369.6278 1369.5674 1369.5063 1369.3231 1369.0712 1368.8187 1368.4441 1368.0027 1367.5605 1367.2245 1366.9451 1366.6655 1366.387 1366.1088 1365.8304 1365.6094 1365.4178 1365.2263 1365.1569 1365.149 1365.1415 1365.0942 1365.0278 1364.9615 1365.066 1365.2531
1.79769E+308 1.79769E+308 1.79769E+308 1.79769E+308 1.79769E+308 1.79769E+308 1.79769E+308 1.79769E+308 1.79769E+308 1.79769E+308 1.79769E+308 1.79769E+308 1.79769E+308 1.79769E+308 1.79769E+308 1.79769E+308 1.79769E+308 1.79769E+308 1.79769E+308 1.79769E+308 1.79769E+308 1.79769E+308 1369.3374 1369.5398 1369.7428 1369.9377 1370.1267 1370.3157 1370.3455 1370.2806 1370.2152 1370.1967 1370.2053 1370.2136 1370.2048 1370.1862 1370.1667 1370.0476 1369.8724 1369.6968 1369.4176 1369.0818 1368.7451 1368.4658 1368.2172 1367.968 1367.6908 1367.3989 1367.1067 1366.8389 1366.5834 1366.3278 1366.1871 1366.1041 1366.0214 1365.9425 1365.8654 1365.7886 1365.8951 1366.0897
1.79769E+308 1.79769E+308 1.79769E+308 1.79769E+308 1.79769E+308 1.79769E+308 1.79769E+308 1.79769E+308 1.79769E+308 1.79769E+308 1.79769E+308 1.79769E+308 1.79769E+308 1.79769E+308 1.79769E+308 1.79769E+308 1.79769E+308 1.79769E+308 1.79769E+308 1.79769E+308 1.79769E+308 1.79769E+308 1.79769E+308 1.79769E+308 1.79769E+308 1.79769E+308 1370.6936 1370.8667 1370.8889 1370.8213 1370.7529 1370.7446 1370.7715 1370.7976 1370.8217 1370.8444 1370.8665 1370.8114 1370.7131 1370.614 1370.4452 1370.2374 1370.0294 1369.8192 1369.6074 1369.3955 1369.1254 1368.8245 1368.5236 1368.2106 1367.8914 1367.5721 1367.3573 1367.1954 1367.0336 1366.9247 1366.8423 1366.7599 1366.8706 1367.0743
1.79769E+308 1.79769E+308 1.79769E+308 1.79769E+308 1.79769E+308 1.79769E+308 1.79769E+308 1.79769E+308 1.79769E+308 1.79769E+308 1.79769E+308 1.79769E+308 1.79769E+308 1.79769E+308 1.79769E+308 1.79769E+308 1.79769E+308 1.79769E+308 1.79769E+308 1.79769E+308 1.79769E+308 1.79769E+308 1.79769E+308 1.79769E+308 1.79769E+308 1.79769E+308 1.79769E+308 1.79769E+308 1.79769E+308 1371.3622 1371.2908 1371.2926 1371.3372 1371.3807 1371.4374 1371.5017 1371.5656 1371.5748 1371.5533 1371.531 1371.4722 1371.3931 1371.3134 1371.1721 1370.9977 1370.8228 1370.5596 1370.2501 1369.9402 1369.5822 1369.1993 1368.8163 1368.5277 1368.2866 1368.0455 1367.907 1367.8191 1367.7312 1367.8463 1368.0588
1.79769E+308 1.79769E+308 1.79769E+308 1.79769E+308 1.79769E+308 1.79769E+308 1.79769E+308 1.79769E+308 1.79769E+308 1.79769E+308 1.79769E+308 1.79769E+308 1.79769E+308 1.79769E+308 1.79769E+308 1.79769E+308 1.79769E+308 1.79769E+308 1.79769E+308 1.79769E+308 1.79769E+308 1.79769E+308 1.79769E+308 1.79769E+308 1.79769E+308 1.79769E+308 1.79769E+308 1.79769E+308 1.79769E+308 1.79769E+308 1.79769E+308 1.79769E+308 1.79769E+308 1372.1141 1372.2278 1372.3647 1372.5016 1372.6121 1372.7074 1372.8021 1372.8622 1372.903 1372.943 1372.9119 1372.8423 1372.7722 1372.6057 1372.3885 1372.171 1371.8794 1371.5494 1371.2197 1370.9314 1370.6639 1370.3967 1370.2277 1370.1071 1369.9865 1370.1399 1370.4252
1.79769E+308 1.79769E+308 1.79769E+308 1.79769E+308 1.79769E+308 1.79769E+308 1.79769E+308 1.79769E+308 1.79769E+308 1.79769E+308 1.79769E+308 1.79769E+308 1.79769E+308 1.79769E+308 1.79769E+308 1.79769E+308 1.79769E+308 1.79769E+308 1.79769E+308 1.79769E+308 1.79769E+308 1.79769E+308 1.79769E+308 1.79769E+308 1.79769E+308 1.79769E+308 1.79769E+308 1.79769E+308 1.79769E+308 1.79769E+308 1.79769E+308 1.79769E+308 1.79769E+308 1.79769E+308 1.79769E+308 1.79769E+308 1.79769E+308 1373.6912 1373.9092 1374.127 1374.3069 1374.4659 1374.6245 1374.7096 1374.755 1374.8002 1374.7441 1374.6348 1374.5249 1374.3167 1374.0575 1373.7981 1373.5215 1373.236 1372.9504 1372.7507 1372.5931 1372.4358 1372.6329 1373.0007
